-308.596  0.00000
-306.599  0.00000
-304.602  0.00000
-302.605  0.00000
-300.608  0.00000
-298.611  0.00000
-296.614  0.00000
-294.617  0.00000
-292.620  0.00000
-290.623  0.00000
-288.626  0.00000
-286.629  0.00000
-284.632  0.00000
-282.635 -0.00018
-280.638 -0.00078
-278.641 -0.01782
-276.644  0.01413
-274.647 -0.00501
-272.650 -0.00645
-270.653 -0.03657
-268.656  0.01938
-266.659  0.01590
-264.662  0.02346
-262.665  0.00927
-260.668  0.02244
-258.671 -0.00234
-256.674 -0.03009
-254.677 -0.02235
-252.680  0.00498
-250.683  0.03264
-248.686  0.04257
-246.689 -0.03135
-244.692 -0.02199
-242.695  0.03624
-240.698  0.02634
-238.701  0.01569
-236.704 -0.01482
-234.707 -0.00861
-232.710  0.03831
-230.713  0.00762
-228.716  0.01416
-226.719 -0.00216
-224.722 -0.03585
-222.725 -0.04080
-220.728 -0.01722
-218.731  0.00765
-216.734  0.03228
-214.737  0.01275
-212.740  0.02943
-210.743  0.02343
-208.746 -0.02109
-206.749 -0.03816
-204.752 -0.02682
-202.755  0.01095
-200.758  0.01194
-198.761  0.00126
-196.764  0.01536
-194.767  0.01290
-192.770 -0.03483
-190.773 -0.00678
-188.776  0.02391
-186.779  0.02787
-184.782  0.01623
-182.785 -0.02814
-180.788 -0.01008
-178.791  0.00702
-176.794  0.00318
-174.797 -0.01611
-172.800 -0.00234
-170.803 -0.01512
-168.806 -0.04065
-166.809 -0.00810
-164.812  0.01167
-162.815 -0.01746
-160.818 -0.02541
-158.821 -0.01554
-156.824 -0.00825
-154.827 -0.01977
-152.830  0.01137
-150.833  0.00402
-148.836 -0.02901
-146.839 -0.00600
-144.842 -0.00888
-142.845  0.00528
-140.848  0.00546
-138.851  0.01623
-136.854 -0.01308
-134.857 -0.02619
-132.860 -0.01512
-130.863  0.01578
-128.866  0.05052
-126.869  0.01998
-124.872 -0.00861
-122.875  0.00141
-120.878  0.01863
-118.881  0.02652
-116.884  0.02877
-114.887  0.03081
-112.890  0.02103
-110.893 -0.00987
-108.896 -0.04899
-106.899  0.01812
-104.902 -0.00966
-102.905 -0.04620
-100.908 -0.03606
 -98.911 -0.00255
 -96.914  0.00687
 -94.917 -0.00813
 -92.920 -0.00915
 -90.923 -0.03120
 -88.926 -0.01728
 -86.929 -0.00012
 -84.932  0.00246
 -82.935 -0.01302
 -80.938 -0.01062
 -78.941 -0.03900
 -76.944 -0.04251
 -74.947  0.02496
 -72.950  0.00066
 -70.953 -0.02442
 -68.956 -0.00051
 -66.959  0.00069
 -64.962 -0.00300
 -62.965 -0.02943
 -60.968 -0.04197
 -58.971 -0.01488
 -56.974  0.02664
 -54.977  0.01650
 -52.980  0.01815
 -50.983  0.02505
 -48.986  0.02085
 -46.989  0.03660
 -44.992  0.05457
 -42.995  0.01461
 -40.998 -0.03468
 -39.001 -0.01953
 -37.004  0.02727
 -35.007  0.02226
 -33.010 -0.00030
 -31.013 -0.02994
 -29.016  0.00225
 -27.019  0.03756
 -25.022  0.04122
 -23.025  0.04770
 -21.028  0.01473
 -19.031  0.07746
 -17.034  0.06093
 -15.037  0.04467
 -13.040 -0.08601
 -11.043 -0.12342
  -9.046  0.11643
  -7.049  0.99924
  -5.052  3.52611
  -3.055  7.79400
  -1.058 10.02957
   0.939  9.63591
   2.936  8.02446
   4.933  3.83841
   6.930  0.60348
   8.927 -0.06357
  10.924 -0.22023
  12.921 -0.04170
  14.918  0.03465
  16.915  0.06564
  18.912  0.07617
  20.909  0.05580
  22.906 -0.01218
  24.903  0.01695
  26.900  0.03246
  28.897  0.08820
  30.894  0.02883
  32.891  0.01371
  34.888  0.03015
  36.885  0.03855
  38.882 -0.00276
  40.879 -0.01614
  42.876 -0.01809
  44.873 -0.03306
  46.870  0.00786
  48.867 -0.00639
  50.864 -0.00378
  52.861 -0.00429
  54.858  0.00468
  56.855  0.01329
  58.852  0.03051
  60.849  0.01083
  62.846  0.03918
  64.843  0.02940
  66.840 -0.00099
  68.837 -0.00765
  70.834  0.01584
  72.831 -0.00321
  74.828 -0.03246
  76.825 -0.00807
  78.822 -0.00987
  80.819 -0.01656
  82.816 -0.00039
  84.813 -0.02094
  86.810 -0.01344
  88.807  0.01392
  90.804  0.00408
  92.801  0.02343
  94.798  0.04125
  96.795 -0.00477
  98.792 -0.03054
 100.789  0.01077
 102.786 -0.02694
 104.783 -0.03849
 106.780  0.02757
 108.777  0.01659
 110.774  0.01926
 112.771  0.01320
 114.768 -0.04080
 116.765 -0.02421
 118.762 -0.01716
 120.759  0.00651
 122.756  0.02379
 124.753 -0.00792
 126.750 -0.02322
 128.747  0.01032
 130.744  0.00930
 132.741  0.00312
 134.738  0.00183
 136.735  0.00444
 138.732 -0.01002
 140.729  0.00462
 142.726  0.00189
 144.723  0.01947
 146.720  0.04746
 148.717  0.01029
 150.714  0.02337
 152.711  0.01491
 154.708 -0.00108
 156.705  0.00399
 158.702  0.02322
 160.699  0.00276
 162.696  0.00255
 164.693 -0.01422
 166.690 -0.03252
 168.687  0.00717
 170.684 -0.00201
 172.681 -0.02001
 174.678 -0.00720
 176.675  0.01710
 178.672  0.01584
 180.669  0.00762
 182.666  0.01647
 184.663  0.03099
 186.660  0.04278
 188.657  0.03888
 190.654  0.00408
 192.651  0.00480
 194.648  0.04653
 196.645  0.03384
 198.642  0.02016
 200.639  0.01035
 202.636  0.02100
 204.633  0.04743
 206.630  0.00453
 208.627 -0.03231
 210.624 -0.00456
 212.621  0.04965
 214.618  0.02781
 216.615  0.02160
 218.612 -0.01347
 220.609  0.00864
 222.606  0.02190
 224.603  0.02253
 226.600  0.03975
 228.597  0.02547
 230.594  0.00645
 232.591  0.00813
 234.588  0.00774
 236.585  0.01926
 238.582  0.00798
 240.579  0.01521
 242.576  0.01800
 244.573  0.02307
 246.570 -0.02142
 248.567 -0.03228
 250.564  0.01047
 252.561 -0.00840
 254.558 -0.00009
 256.555 -0.01242
 258.552 -0.03645
 260.549 -0.02751
 262.546  0.02379
 264.543  0.02388
 266.540 -0.01578
 268.537 -0.01017
 270.534  0.03273
 272.531  0.04041
 274.528  0.00819
 276.525  0.01845
 278.522  0.01053
 280.519  0.00393
 282.516  0.02703
 284.513  0.00360
 286.510 -0.04413
 288.507 -0.01875
 290.504  0.00237
 292.501  0.01920
 294.498  0.01821
 296.495  0.00564
 298.492 -0.01803
 300.489 -0.01977
 302.486 -0.00045
 304.483  0.01383
 306.480  0.04164
 308.477  0.00075
 310.474 -0.01377
 312.471 -0.00720
 314.468  0.00012
 316.465 -0.01278
 318.462  0.01521
 320.459  0.02526
 322.456  0.00264
 324.453  0.01800
 326.450  0.01206
 328.447  0.02019
 330.444  0.02994
 332.441  0.02688
 334.438 -0.01995
 336.435 -0.02769
 338.432  0.01671
 340.429  0.04707
 342.426  0.01650
 344.423 -0.00207
 346.420  0.01665
 348.417  0.02301
 350.414  0.01218
 352.411 -0.02262
 354.408 -0.00387
 356.405 -0.00264
 358.402  0.00075
 360.399  0.00141
 362.396 -0.02295
 364.393 -0.01674
 366.390  0.00765
 368.387  0.01257
 370.384  0.02319
 372.381  0.00159
 374.378  0.01104
 376.375  0.01302
 378.372  0.01227
 380.369  0.02661
 382.366  0.02865
 384.363  0.04200
 386.360  0.03522
 388.357  0.03423
 390.354  0.01866
 392.351  0.03981
 394.348  0.00726
 396.345  0.00960
 398.342  0.05772
 400.339  0.12789
 402.336  0.14874
 404.333  0.13866
 406.330  0.12921
 408.327  0.19029
 410.324  0.22671
 412.321  0.25062
 414.318  0.25887
 416.315  0.23226
 418.312  0.28872
 420.309  0.34011
 422.306  0.37623
 424.303  0.39603
 426.300  0.39084
 428.297  0.32679
 430.294  0.33282
 432.291  0.37221
 434.288  0.51522
 436.285  0.59265
 438.282  0.59796
 440.279  0.58599
 442.276  0.64203
 444.273  0.70311
 446.270  0.77898
 448.267  0.85224
 450.264  0.89535
 452.261  0.92976
 454.258  0.89082
 456.255  0.92010
 458.252  0.98850
 460.249  1.07052
 462.246  1.11270
 464.243  1.08966
 466.240  1.07871
 468.237  1.10379
 470.234  1.13712
 472.231  1.14960
 474.228  1.13787
 476.225  1.15614
 478.222  1.23135
 480.219  1.34145
 482.216  1.41891
 484.213  1.34148
 486.210  1.22721
 488.207  1.18038
 490.204  1.25016
 492.201  1.31229
 494.198  1.32630
 496.195  1.31796
 498.192  1.34907
 500.189  1.38855
 502.186  1.38528
 504.183  1.39008
 506.180  1.39890
 508.177  1.43811
 510.174  1.51161
 512.171  1.53228
 514.168  1.45938
 516.165  1.39254
 518.162  1.38291
 520.159  1.39866
 522.156  1.41039
 524.153  1.42515
 526.150  1.42233
 528.147  1.45005
 530.144  1.49733
 532.141  1.52508
 534.138  1.55289
 536.135  1.51851
 538.132  1.51044
 540.129  1.51194
 542.126  1.51452
 544.123  1.53612
 546.120  1.54119
 548.117  1.53129
 550.114  1.50144
 552.111  1.51170
 554.108  1.53465
 556.105  1.52736
 558.102  1.51596
 560.099  1.48428
 562.096  1.44165
 564.093  1.42098
 566.090  1.44351
 568.087  1.46034
 570.084  1.48848
 572.081  1.48413
 574.078  1.46478
 576.075  1.42824
 578.072  1.41372
 580.069  1.43304
 582.066  1.49190
 584.063  1.52382
 586.060  1.46079
 588.057  1.36563
 590.054  1.34448
 592.051  1.35285
 594.048  1.35402
 596.045  1.36167
 598.042  1.37661
 600.039  1.36527
 602.036  1.36602
 604.033  1.40232
 606.030  1.41696
 608.027  1.37820
 610.024  1.33101
 612.021  1.29648
 614.018  1.30584
 616.015  1.26330
 618.012  1.24134
 620.009  1.25997
 622.006  1.24524
 624.003  1.21734
 626.000  1.17726
 627.997  1.15293
 629.994  1.13565
 631.991  1.17480
 633.988  1.16259
 635.985  1.14729
 637.982  1.13658
 639.979  1.11615
 641.976  1.13124
 643.973  1.15020
 645.970  1.08231
 647.967  1.04136
 649.964  1.02738
 651.961  1.04070
 653.958  1.01316
 655.955  0.91995
 657.952  0.86097
 659.949  0.89793
 661.946  0.99072
 663.943  1.01598
 665.940  0.96915
 667.937  0.92241
 669.934  0.89373
 671.931  0.93918
 673.928  0.96963
 675.925  0.90333
 677.922  0.83805
 679.919  0.85971
 681.916  0.86313
 683.913  0.87735
 685.910  0.81543
 687.907  0.70770
 689.904  0.63489
 691.901  0.63132
 693.898  0.66804
 695.895  0.71085
 697.892  0.73425
 699.889  0.75501
 701.886  0.71529
 703.883  0.65724
 705.880  0.62118
 707.877  0.63870
 709.874  0.65787
 711.871  0.64743
 713.868  0.62820
 715.865  0.58197
 717.862  0.49710
 719.859  0.44196
 721.856  0.42951
 723.853  0.45768
 725.850  0.43788
 727.847  0.43587
 729.844  0.42258
 731.841  0.42375
 733.838  0.46449
 735.835  0.41898
 737.832  0.41283
 739.829  0.39792
 741.826  0.41250
 743.823  0.42357
 745.820  0.45447
 747.817  0.43689
 749.814  0.41097
 751.811  0.37194
 753.808  0.39909
 755.805  0.41859
 757.802  0.36042
 759.799  0.29772
 761.796  0.20028
 763.793  0.12696
 765.790  0.14283
 767.787  0.22590
 769.784  0.30621
 771.781  0.32760
 773.778  0.28317
 775.775  0.25407
 777.772  0.29286
 779.769  0.33996
 781.766  0.32556
 783.763  0.27846
 785.760  0.25611
 787.757  0.25941
 789.754  0.24033
 791.751  0.24642
 793.748  0.25488
 795.745  0.28188
 797.742  0.28821
 799.739  0.24372
 801.736  0.23130
 803.733  0.24927
 805.730  0.27744
 807.727  0.24615
 809.724  0.20694
 811.721  0.21882
 813.718  0.23664
 815.715  0.20622
 817.712  0.15210
 819.709  0.12903
 821.706  0.14091
 823.703  0.13029
 825.700  0.14166
 827.697  0.14421
 829.694  0.16782
 831.691  0.12417
 833.688  0.13812
 835.685  0.10491
 837.682  0.16614
 839.679  0.13968
 841.676  0.12987
 843.673  0.15048
 845.670  0.15234
 847.667  0.12717
 849.664  0.10617
 851.661  0.09846
 853.658  0.14160
 855.655  0.16980
 857.652  0.14376
 859.649  0.10959
 861.646  0.10650
 863.643  0.10170
 865.640  0.13689
 867.637  0.13743
 869.634  0.13563
 871.631  0.12381
 873.628  0.16116
 875.625  0.15612
 877.622  0.12387
 879.619  0.12936
 881.616  0.10161
 883.613  0.09861
 885.610  0.07359
 887.607  0.09426
 889.604  0.11973
 891.601  0.10635
 893.598  0.08709
 895.595  0.07428
 897.592  0.08430
 899.589  0.10470
 901.586  0.13233
 903.583  0.10275
 905.580  0.07272
 907.577  0.05415
 909.574  0.06063
 911.571  0.08604
 913.568  0.07590
 915.565  0.04086
 917.562  0.04749
 919.559  0.04341
 921.556  0.03174
 923.553  0.07677
 925.550  0.08829
 927.547  0.08469
 929.544  0.09600
 931.541  0.04296
 933.538  0.00339
 935.535  0.03708
 937.532  0.05775
 939.529  0.02241
 941.526  0.03831
 943.523  0.04776
 945.520  0.07725
 947.517  0.06132
 949.514  0.04686
 951.511  0.01359
 953.508  0.01842
 955.505  0.03237
 957.502  0.04134
 959.499  0.01815
 961.496  0.04374
 963.493  0.06204
 965.490  0.08664
 967.487  0.04386
 969.484  0.04293
 971.481  0.01755
 973.478  0.04716
 975.475  0.05193
 977.472  0.04695
 979.469  0.01314
 981.466  0.01239
 983.463  0.04668
 985.460  0.04116
 987.457  0.01242
 989.454 -0.00267
 991.451 -0.01002
 993.448  0.00516
 995.445  0.05094
 997.442  0.02877
 999.439  0.00891
1001.436  0.04068
1003.433  0.04542
1005.430  0.05478
1007.427  0.04764
1009.424  0.01584
1011.421  0.00831
1013.418  0.02379
1015.415  0.07446
1017.412  0.07689
1019.409  0.05733
1021.406  0.02343
1023.403  0.01485
1025.400 -0.00513
1027.397 -0.03225
1029.394  0.01671
1031.391  0.01410
1033.388  0.02679
1035.385  0.04776
1037.382  0.01587
1039.379 -0.01185
1041.376  0.00309
1043.373  0.00942
1045.370  0.00303
1047.367  0.01968
1049.364  0.00018
1051.361 -0.04242
1053.358  0.00867
1055.355  0.02277
1057.352  0.04425
1059.349  0.04059
1061.346  0.00486
1063.343  0.01455
1065.340  0.04917
1067.337  0.05358
1069.334  0.06498
1071.331  0.01296
1073.328  0.01731
1075.325  0.04296
1077.322  0.04263
1079.319  0.00120
1081.316  0.00111
1083.313  0.01791
1085.310  0.04719
1087.307  0.03783
1089.304  0.02076
1091.301  0.02952
1093.298 -0.00699
1095.295 -0.00099
1097.292 -0.00060
1099.289 -0.00099
1101.286 -0.00504
1103.283  0.00192
1105.280 -0.00804
1107.277  0.00000
1109.274  0.00000
1111.271  0.00000
1113.268  0.00000
1115.265  0.00000
1117.262  0.00000
1119.259  0.00000
1121.256  0.00000
1123.253  0.00000
1125.250  0.00000
1127.247  0.00000
