     0  0.00000
     1  0.00000
     2  0.00000
     3  0.00000
     4  0.00000
     5  0.00000
     6  0.00000
     7  0.00000
     8  0.00000
     9  0.00000
    10  0.00000
    11  0.00000
    12  0.00000
    13  0.00000
    14  0.00011
    15  0.00293
    16  0.04930
    17  0.06427
    18  0.07016
    19  0.16772
    20  0.38320
    21  0.40289
    22  0.38545
    23  0.36139
    24  0.37889
    25  0.37875
    26  0.36952
    27  0.36873
    28  0.37568
    29  0.38636
    30  0.37320
    31  0.34822
    32  0.34843
    33  0.36152
    34  0.36448
    35  0.36532
    36  0.36695
    37  0.36911
    38  0.37319
    39  0.36372
    40  0.37531
    41  0.37694
    42  0.36548
    43  0.34910
    44  0.36292
    45  0.39005
    46  0.39551
    47  0.38445
    48  0.38300
    49  0.39499
    50  0.39467
    51  0.39139
    52  0.38996
    53  0.39796
    54  0.40223
    55  0.39454
    56  0.39203
    57  0.38483
    58  0.37929
    59  0.39220
    60  0.40755
    61  0.41405
    62  0.40488
    63  0.39157
    64  0.39040
    65  0.39364
    66  0.40035
    67  0.40310
    68  0.39880
    69  0.40095
    70  0.39366
    71  0.39391
    72  0.40401
    73  0.40748
    74  0.39842
    75  0.40083
    76  0.40483
    77  0.40826
    78  0.41576
    79  0.41633
    80  0.40959
    81  0.41180
    82  0.41111
    83  0.41116
    84  0.40863
    85  0.41485
    86  0.41042
    87  0.41186
    88  0.41753
    89  0.42240
    90  0.43184
    91  0.43124
    92  0.42410
    93  0.42561
    94  0.44136
    95  0.45100
    96  0.46176
    97  0.45719
    98  0.45271
    99  0.44959
   100  0.43706
   101  0.45056
   102  0.44702
   103  0.44797
   104  0.45583
   105  0.46310
   106  0.46811
   107  0.46889
   108  0.48090
   109  0.47813
   110  0.47635
   111  0.47964
   112  0.48211
   113  0.48891
   114  0.49325
   115  0.48716
   116  0.48868
   117  0.50624
   118  0.50825
   119  0.49959
   120  0.50019
   121  0.50568
   122  0.51448
   123  0.51646
   124  0.51764
   125  0.51986
   126  0.53694
   127  0.53192
   128  0.53110
   129  0.52867
   130  0.53462
   131  0.55022
   132  0.55826
   133  0.54956
   134  0.54147
   135  0.55456
   136  0.57079
   137  0.56394
   138  0.55515
   139  0.55597
   140  0.57387
   141  0.59003
   142  0.59703
   143  0.59920
   144  0.59781
   145  0.61728
   146  0.61151
   147  0.61191
   148  0.58190
   149  0.58096
   150  0.67042
   151  0.97871
   152  1.82192
   153  3.23943
   154  4.02331
   155  4.02401
   156  3.59836
   157  2.17946
   158  0.96123
   159  0.58883
   160  0.52116
   161  0.60425
   162  0.63808
   163  0.64543
   164  0.63927
   165  0.62237
   166  0.60298
   167  0.61427
   168  0.61295
   169  0.62295
   170  0.60888
   171  0.59973
   172  0.60624
   173  0.60148
   174  0.58001
   175  0.58007
   176  0.58948
   177  0.58505
   178  0.59838
   179  0.58800
   180  0.58567
   181  0.58824
   182  0.59167
   183  0.59285
   184  0.58371
   185  0.59429
   186  0.60685
   187  0.60186
   188  0.58665
   189  0.59100
   190  0.59494
   191  0.59496
   192  0.58776
   193  0.58744
   194  0.59133
   195  0.59030
   196  0.59066
   197  0.58898
   198  0.59747
   199  0.60609
   200  0.60636
   201  0.60192
   202  0.59471
   203  0.58858
   204  0.58871
   205  0.60158
   206  0.59263
   207  0.58932
   208  0.60927
   209  0.60353
   210  0.60615
   211  0.60389
   212  0.58919
   213  0.59178
   214  0.59472
   215  0.61151
   216  0.61727
   217  0.61039
   218  0.59618
   219  0.60587
   220  0.60743
   221  0.59860
   222  0.60641
   223  0.61560
   224  0.61571
   225  0.61811
   226  0.61046
   227  0.61545
   228  0.62759
   229  0.62918
   230  0.62365
   231  0.61039
   232  0.60958
   233  0.62175
   234  0.63244
   235  0.62420
   236  0.61937
   237  0.61482
   238  0.61636
   239  0.62597
   240  0.62290
   241  0.62147
   242  0.62579
   243  0.62639
   244  0.62494
   245  0.63374
   246  0.63669
   247  0.64440
   248  0.64936
   249  0.63569
   250  0.61960
   251  0.62859
   252  0.65294
   253  0.64940
   254  0.63576
   255  0.64381
   256  0.65170
   257  0.64578
   258  0.63050
   259  0.61784
   260  0.64306
   261  0.65319
   262  0.64712
   263  0.64110
   264  0.64411
   265  0.64837
   266  0.65156
   267  0.65087
   268  0.64945
   269  0.64195
   270  0.63975
   271  0.64493
   272  0.65010
   273  0.65517
   274  0.65125
   275  0.65471
   276  0.65210
   277  0.64472
   278  0.62826
   279  0.64181
   280  0.65238
   281  0.64835
   282  0.64470
   283  0.63319
   284  0.62859
   285  0.63428
   286  0.64852
   287  0.64813
   288  0.64229
   289  0.64847
   290  0.65358
   291  0.65731
   292  0.65196
   293  0.65301
   294  0.65097
   295  0.64519
   296  0.65225
   297  0.64863
   298  0.63878
   299  0.64331
   300  0.64457
   301  0.65204
   302  0.65439
   303  0.65150
   304  0.64310
   305  0.63745
   306  0.64048
   307  0.64602
   308  0.65656
   309  0.64723
   310  0.64296
   311  0.64476
   312  0.64964
   313  0.64599
   314  0.64361
   315  0.64046
   316  0.63642
   317  0.64163
   318  0.64703
   319  0.65311
   320  0.65325
   321  0.64577
   322  0.62876
   323  0.62727
   324  0.63703
   325  0.64453
   326  0.64572
   327  0.64650
   328  0.65080
   329  0.64644
   330  0.64348
   331  0.64118
   332  0.64589
   333  0.63839
   334  0.63473
   335  0.64268
   336  0.63653
   337  0.63444
   338  0.64078
   339  0.64265
   340  0.65008
   341  0.64228
   342  0.63870
   343  0.63335
   344  0.64262
   345  0.65202
   346  0.64915
   347  0.65026
   348  0.65142
   349  0.65056
   350  0.64756
   351  0.65169
   352  0.64708
   353  0.64074
   354  0.65882
   355  0.68299
   356  0.69307
   357  0.68804
   358  0.68642
   359  0.69331
   360  0.70341
   361  0.71872
   362  0.72899
   363  0.72810
   364  0.74121
   365  0.74913
   366  0.76743
   367  0.77756
   368  0.77729
   369  0.76288
   370  0.75879
   371  0.76492
   372  0.79783
   373  0.83746
   374  0.85497
   375  0.84726
   376  0.86362
   377  0.88349
   378  0.90867
   379  0.92896
   380  0.94287
   381  0.94710
   382  0.94321
   383  0.95405
   384  0.98360
   385  1.00839
   386  1.02180
   387  1.01540
   388  1.01243
   389  1.02307
   390  1.03292
   391  1.03288
   392  1.03180
   393  1.04074
   394  1.06374
   395  1.09879
   396  1.11920
   397  1.09713
   398  1.06292
   399  1.04696
   400  1.06468
   401  1.08314
   402  1.09586
   403  1.10192
   404  1.11453
   405  1.11672
   406  1.11781
   407  1.11305
   408  1.11393
   409  1.12889
   410  1.15210
   411  1.16227
   412  1.14153
   413  1.11823
   414  1.10885
   415  1.11988
   416  1.13428
   417  1.13116
   418  1.12130
   419  1.11975
   420  1.13879
   421  1.16878
   422  1.17307
   423  1.15457
   424  1.15065
   425  1.14920
   426  1.16031
   427  1.16777
   428  1.16395
   429  1.15677
   430  1.14847
   431  1.15268
   432  1.15739
   433  1.15833
   434  1.15298
   435  1.13232
   436  1.11784
   437  1.11642
   438  1.12322
   439  1.13205
   440  1.14271
   441  1.14120
   442  1.13037
   443  1.11252
   444  1.10863
   445  1.11684
   446  1.13154
   447  1.13241
   448  1.11330
   449  1.08870
   450  1.07517
   451  1.07878
   452  1.09239
   453  1.09858
   454  1.09445
   455  1.07825
   456  1.07236
   457  1.08418
   458  1.09148
   459  1.08070
   460  1.06465
   461  1.05356
   462  1.05488
   463  1.04656
   464  1.03772
   465  1.03192
   466  1.02270
   467  1.01782
   468  1.01592
   469  1.00436
   470  0.99175
   471  0.99117
   472  0.99029
   473  0.98851
   474  0.98063
   475  0.97507
   476  0.97659
   477  0.97754
   478  0.96256
   479  0.94896
   480  0.94229
   481  0.94601
   482  0.93197
   483  0.90792
   484  0.89014
   485  0.89415
   486  0.92334
   487  0.93303
   488  0.91293
   489  0.88991
   490  0.88762
   491  0.90597
   492  0.90594
   493  0.88565
   494  0.86480
   495  0.86336
   496  0.86844
   497  0.87208
   498  0.85054
   499  0.81327
   500  0.78845
   501  0.79287
   502  0.80410
   503  0.81230
   504  0.81167
   505  0.82211
   506  0.81672
   507  0.79756
   508  0.78026
   509  0.78289
   510  0.78824
   511  0.78296
   512  0.76226
   513  0.73906
   514  0.72009
   515  0.70845
   516  0.70457
   517  0.70447
   518  0.69462
   519  0.69236
   520  0.69402
   521  0.68993
   522  0.69249
   523  0.68887
   524  0.68587
   525  0.68175
   526  0.68586
   527  0.69329
   528  0.69687
   529  0.68634
   530  0.67779
   531  0.66510
   532  0.66493
   533  0.66298
   534  0.65185
   535  0.62880
   536  0.59577
   537  0.57659
   538  0.58099
   539  0.60780
   540  0.62647
   541  0.63175
   542  0.62719
   543  0.62140
   544  0.61949
   545  0.62763
   546  0.63064
   547  0.61825
   548  0.60555
   549  0.60365
   550  0.60018
   551  0.60146
   552  0.60326
   553  0.60590
   554  0.61158
   555  0.60293
   556  0.59849
   557  0.59778
   558  0.60281
   559  0.59056
   560  0.58161
   561  0.58221
   562  0.58453
   563  0.57004
   564  0.56052
   565  0.56351
   566  0.56113
   567  0.55918
   568  0.54568
   569  0.54691
   570  0.56046
   571  0.55439
   572  0.55025
   573  0.53518
   574  0.55255
   575  0.55383
   576  0.54690
   577  0.53871
   578  0.53440
   579  0.54208
   580  0.54132
   581  0.53045
   582  0.54199
   583  0.54720
   584  0.54197
   585  0.53802
   586  0.53319
   587  0.52801
   588  0.54144
   589  0.54195
   590  0.53250
   591  0.52132
   592  0.52270
   593  0.53219
   594  0.53532
   595  0.52831
   596  0.51239
   597  0.50925
   598  0.50764
   599  0.50810
   600  0.51249
   601  0.51435
   602  0.51166
   603  0.50423
   604  0.49761
   605  0.49646
   606  0.50190
   607  0.50429
   608  0.50009
   609  0.49999
   610  0.50049
   611  0.50517
   612  0.50182
   613  0.47937
   614  0.48039
   615  0.48528
   616  0.48179
   617  0.48352
   618  0.48304
   619  0.48467
   620  0.48737
   621  0.46802
   622  0.45428
   623  0.46234
   624  0.46222
   625  0.45851
   626  0.46634
   627  0.46719
   628  0.47073
   629  0.46902
   630  0.46932
   631  0.45045
   632  0.44285
   633  0.45438
   634  0.46128
   635  0.45504
   636  0.44913
   637  0.44790
   638  0.46165
   639  0.44999
   640  0.45023
   641  0.44316
   642  0.44552
   643  0.44979
   644  0.44389
   645  0.43427
   646  0.43551
   647  0.43924
   648  0.43505
   649  0.42907
   650  0.41893
   651  0.41490
   652  0.42920
   653  0.43387
   654  0.42507
   655  0.41993
   656  0.42529
   657  0.42917
   658  0.43370
   659  0.43090
   660  0.42265
   661  0.40999
   662  0.41516
   663  0.43137
   664  0.42911
   665  0.42000
   666  0.41393
   667  0.40990
   668  0.39593
   669  0.38867
   670  0.40464
   671  0.39895
   672  0.40658
   673  0.40638
   674  0.40001
   675  0.39588
   676  0.40118
   677  0.39885
   678  0.39577
   679  0.39458
   680  0.39568
   681  0.37876
   682  0.39150
   683  0.39454
   684  0.39873
   685  0.38844
   686  0.38052
   687  0.38744
   688  0.39971
   689  0.39719
   690  0.39819
   691  0.39064
   692  0.38805
   693  0.38638
   694  0.37718
   695  0.36490
   696  0.37026
   697  0.37464
   698  0.39998
   699  0.42180
   700  0.42478
   701  0.25091
   702  0.01275
   703  0.04360
   704  0.04362
   705  0.04398
   706  0.04236
   707  0.04566
   708  0.00044
   709  0.00000
   710  0.00000
   711  0.00000
   712  0.00000
   713  0.00000
   714  0.00000
   715  0.00000
   716  0.00000
   717  0.00000
   718  0.00000
   719  0.00000
