     0  0.00000
     1  0.00000
     2  0.00000
     3  0.00000
     4  0.00000
     5  0.00000
     6  0.00000
     7  0.00000
     8  0.00000
     9  0.00000
    10  0.00000
    11  0.00000
    12  0.00000
    13 -0.00006
    14 -0.00026
    15 -0.00594
    16  0.00471
    17 -0.00167
    18 -0.00215
    19 -0.01219
    20  0.00646
    21  0.00530
    22  0.00782
    23  0.00309
    24  0.00748
    25 -0.00078
    26 -0.01003
    27 -0.00745
    28  0.00166
    29  0.01088
    30  0.01419
    31 -0.01045
    32 -0.00733
    33  0.01208
    34  0.00878
    35  0.00523
    36 -0.00494
    37 -0.00287
    38  0.01277
    39  0.00254
    40  0.00472
    41 -0.00072
    42 -0.01195
    43 -0.01360
    44 -0.00574
    45  0.00255
    46  0.01076
    47  0.00425
    48  0.00981
    49  0.00781
    50 -0.00703
    51 -0.01272
    52 -0.00894
    53  0.00365
    54  0.00398
    55  0.00042
    56  0.00512
    57  0.00430
    58 -0.01161
    59 -0.00226
    60  0.00797
    61  0.00929
    62  0.00541
    63 -0.00938
    64 -0.00336
    65  0.00234
    66  0.00106
    67 -0.00537
    68 -0.00078
    69 -0.00504
    70 -0.01355
    71 -0.00270
    72  0.00389
    73 -0.00582
    74 -0.00847
    75 -0.00518
    76 -0.00275
    77 -0.00659
    78  0.00379
    79  0.00134
    80 -0.00967
    81 -0.00200
    82 -0.00296
    83  0.00176
    84  0.00182
    85  0.00541
    86 -0.00436
    87 -0.00873
    88 -0.00504
    89  0.00526
    90  0.01684
    91  0.00666
    92 -0.00287
    93  0.00047
    94  0.00621
    95  0.00884
    96  0.00959
    97  0.01027
    98  0.00701
    99 -0.00329
   100 -0.01633
   101  0.00604
   102 -0.00322
   103 -0.01540
   104 -0.01202
   105 -0.00085
   106  0.00229
   107 -0.00271
   108 -0.00305
   109 -0.01040
   110 -0.00576
   111 -0.00004
   112  0.00082
   113 -0.00434
   114 -0.00354
   115 -0.01300
   116 -0.01417
   117  0.00832
   118  0.00022
   119 -0.00814
   120 -0.00017
   121  0.00023
   122 -0.00100
   123 -0.00981
   124 -0.01399
   125 -0.00496
   126  0.00888
   127  0.00550
   128  0.00605
   129  0.00835
   130  0.00695
   131  0.01220
   132  0.01819
   133  0.00487
   134 -0.01156
   135 -0.00651
   136  0.00909
   137  0.00742
   138 -0.00010
   139 -0.00998
   140  0.00075
   141  0.01252
   142  0.01374
   143  0.01590
   144  0.00491
   145  0.02582
   146  0.02031
   147  0.01489
   148 -0.02867
   149 -0.04114
   150  0.03881
   151  0.33308
   152  1.17537
   153  2.59800
   154  3.34319
   155  3.21197
   156  2.67482
   157  1.27947
   158  0.20116
   159 -0.02119
   160 -0.07341
   161 -0.01390
   162  0.01155
   163  0.02188
   164  0.02539
   165  0.01860
   166 -0.00406
   167  0.00565
   168  0.01082
   169  0.02940
   170  0.00961
   171  0.00457
   172  0.01005
   173  0.01285
   174 -0.00092
   175 -0.00538
   176 -0.00603
   177 -0.01102
   178  0.00262
   179 -0.00213
   180 -0.00126
   181 -0.00143
   182  0.00156
   183  0.00443
   184  0.01017
   185  0.00361
   186  0.01306
   187  0.00980
   188 -0.00033
   189 -0.00255
   190  0.00528
   191 -0.00107
   192 -0.01082
   193 -0.00269
   194 -0.00329
   195 -0.00552
   196 -0.00013
   197 -0.00698
   198 -0.00448
   199  0.00464
   200  0.00136
   201  0.00781
   202  0.01375
   203 -0.00159
   204 -0.01018
   205  0.00359
   206 -0.00898
   207 -0.01283
   208  0.00919
   209  0.00553
   210  0.00642
   211  0.00440
   212 -0.01360
   213 -0.00807
   214 -0.00572
   215  0.00217
   216  0.00793
   217 -0.00264
   218 -0.00774
   219  0.00344
   220  0.00310
   221  0.00104
   222  0.00061
   223  0.00148
   224 -0.00334
   225  0.00154
   226  0.00063
   227  0.00649
   228  0.01582
   229  0.00343
   230  0.00779
   231  0.00497
   232 -0.00036
   233  0.00133
   234  0.00774
   235  0.00092
   236  0.00085
   237 -0.00474
   238 -0.01084
   239  0.00239
   240 -0.00067
   241 -0.00667
   242 -0.00240
   243  0.00570
   244  0.00528
   245  0.00254
   246  0.00549
   247  0.01033
   248  0.01426
   249  0.01296
   250  0.00136
   251  0.00160
   252  0.01551
   253  0.01128
   254  0.00672
   255  0.00345
   256  0.00700
   257  0.01581
   258  0.00151
   259 -0.01077
   260 -0.00152
   261  0.01655
   262  0.00927
   263  0.00720
   264 -0.00449
   265  0.00288
   266  0.00730
   267  0.00751
   268  0.01325
   269  0.00849
   270  0.00215
   271  0.00271
   272  0.00258
   273  0.00642
   274  0.00266
   275  0.00507
   276  0.00600
   277  0.00769
   278 -0.00714
   279 -0.01076
   280  0.00349
   281 -0.00280
   282 -0.00003
   283 -0.00414
   284 -0.01215
   285 -0.00917
   286  0.00793
   287  0.00796
   288 -0.00526
   289 -0.00339
   290  0.01091
   291  0.01347
   292  0.00273
   293  0.00615
   294  0.00351
   295  0.00131
   296  0.00901
   297  0.00120
   298 -0.01471
   299 -0.00625
   300  0.00079
   301  0.00640
   302  0.00607
   303  0.00188
   304 -0.00601
   305 -0.00659
   306 -0.00015
   307  0.00461
   308  0.01388
   309  0.00025
   310 -0.00459
   311 -0.00240
   312  0.00004
   313 -0.00426
   314  0.00507
   315  0.00842
   316  0.00088
   317  0.00600
   318  0.00402
   319  0.00673
   320  0.00998
   321  0.00896
   322 -0.00665
   323 -0.00923
   324  0.00557
   325  0.01569
   326  0.00550
   327 -0.00069
   328  0.00555
   329  0.00767
   330  0.00406
   331 -0.00754
   332 -0.00129
   333 -0.00088
   334  0.00025
   335  0.00047
   336 -0.00765
   337 -0.00558
   338  0.00255
   339  0.00419
   340  0.00773
   341  0.00053
   342  0.00368
   343  0.00434
   344  0.00409
   345  0.00887
   346  0.00955
   347  0.01400
   348  0.01174
   349  0.01141
   350  0.00622
   351  0.01327
   352  0.00242
   353  0.00320
   354  0.01924
   355  0.04263
   356  0.04958
   357  0.04622
   358  0.04307
   359  0.06343
   360  0.07557
   361  0.08354
   362  0.08629
   363  0.07742
   364  0.09624
   365  0.11337
   366  0.12541
   367  0.13201
   368  0.13028
   369  0.10893
   370  0.11094
   371  0.12407
   372  0.17174
   373  0.19755
   374  0.19932
   375  0.19533
   376  0.21401
   377  0.23437
   378  0.25966
   379  0.28408
   380  0.29845
   381  0.30992
   382  0.29694
   383  0.30670
   384  0.32950
   385  0.35684
   386  0.37090
   387  0.36322
   388  0.35957
   389  0.36793
   390  0.37904
   391  0.38320
   392  0.37929
   393  0.38538
   394  0.41045
   395  0.44715
   396  0.47297
   397  0.44716
   398  0.40907
   399  0.39346
   400  0.41672
   401  0.43743
   402  0.44210
   403  0.43932
   404  0.44969
   405  0.46285
   406  0.46176
   407  0.46336
   408  0.46630
   409  0.47937
   410  0.50387
   411  0.51076
   412  0.48646
   413  0.46418
   414  0.46097
   415  0.46622
   416  0.47013
   417  0.47505
   418  0.47411
   419  0.48335
   420  0.49911
   421  0.50836
   422  0.51763
   423  0.50617
   424  0.50348
   425  0.50398
   426  0.50484
   427  0.51204
   428  0.51373
   429  0.51043
   430  0.50048
   431  0.50390
   432  0.51155
   433  0.50912
   434  0.50532
   435  0.49476
   436  0.48055
   437  0.47366
   438  0.48117
   439  0.48678
   440  0.49616
   441  0.49471
   442  0.48826
   443  0.47608
   444  0.47124
   445  0.47768
   446  0.49730
   447  0.50794
   448  0.48693
   449  0.45521
   450  0.44816
   451  0.45095
   452  0.45134
   453  0.45389
   454  0.45887
   455  0.45509
   456  0.45534
   457  0.46744
   458  0.47232
   459  0.45940
   460  0.44367
   461  0.43216
   462  0.43528
   463  0.42110
   464  0.41378
   465  0.41999
   466  0.41508
   467  0.40578
   468  0.39242
   469  0.38431
   470  0.37855
   471  0.39160
   472  0.38753
   473  0.38243
   474  0.37886
   475  0.37205
   476  0.37708
   477  0.38340
   478  0.36077
   479  0.34712
   480  0.34246
   481  0.34690
   482  0.33772
   483  0.30665
   484  0.28699
   485  0.29931
   486  0.33024
   487  0.33866
   488  0.32305
   489  0.30747
   490  0.29791
   491  0.31306
   492  0.32321
   493  0.30111
   494  0.27935
   495  0.28657
   496  0.28771
   497  0.29245
   498  0.27181
   499  0.23590
   500  0.21163
   501  0.21044
   502  0.22268
   503  0.23695
   504  0.24475
   505  0.25167
   506  0.23843
   507  0.21908
   508  0.20706
   509  0.21290
   510  0.21929
   511  0.21581
   512  0.20940
   513  0.19399
   514  0.16570
   515  0.14732
   516  0.14317
   517  0.15256
   518  0.14596
   519  0.14529
   520  0.14086
   521  0.14125
   522  0.15483
   523  0.13966
   524  0.13761
   525  0.13264
   526  0.13750
   527  0.14119
   528  0.15149
   529  0.14563
   530  0.13699
   531  0.12398
   532  0.13303
   533  0.13953
   534  0.12014
   535  0.09924
   536  0.06676
   537  0.04232
   538  0.04761
   539  0.07530
   540  0.10207
   541  0.10920
   542  0.09439
   543  0.08469
   544  0.09762
   545  0.11332
   546  0.10852
   547  0.09282
   548  0.08537
   549  0.08647
   550  0.08011
   551  0.08214
   552  0.08496
   553  0.09396
   554  0.09607
   555  0.08124
   556  0.07710
   557  0.08309
   558  0.09248
   559  0.08205
   560  0.06898
   561  0.07294
   562  0.07888
   563  0.06874
   564  0.05070
   565  0.04301
   566  0.04697
   567  0.04343
   568  0.04722
   569  0.04807
   570  0.05594
   571  0.04139
   572  0.04604
   573  0.03497
   574  0.05538
   575  0.04656
   576  0.04329
   577  0.05016
   578  0.05078
   579  0.04239
   580  0.03539
   581  0.03282
   582  0.04720
   583  0.05660
   584  0.04792
   585  0.03653
   586  0.03550
   587  0.03390
   588  0.04563
   589  0.04581
   590  0.04521
   591  0.04127
   592  0.05372
   593  0.05204
   594  0.04129
   595  0.04312
   596  0.03387
   597  0.03287
   598  0.02453
   599  0.03142
   600  0.03991
   601  0.03545
   602  0.02903
   603  0.02476
   604  0.02810
   605  0.03490
   606  0.04411
   607  0.03425
   608  0.02424
   609  0.01805
   610  0.02021
   611  0.02868
   612  0.02530
   613  0.01362
   614  0.01583
   615  0.01447
   616  0.01058
   617  0.02559
   618  0.02943
   619  0.02823
   620  0.03200
   621  0.01432
   622  0.00113
   623  0.01236
   624  0.01925
   625  0.00747
   626  0.01277
   627  0.01592
   628  0.02575
   629  0.02044
   630  0.01562
   631  0.00453
   632  0.00614
   633  0.01079
   634  0.01378
   635  0.00605
   636  0.01458
   637  0.02068
   638  0.02888
   639  0.01462
   640  0.01431
   641  0.00585
   642  0.01572
   643  0.01731
   644  0.01565
   645  0.00438
   646  0.00413
   647  0.01556
   648  0.01372
   649  0.00414
   650 -0.00089
   651 -0.00334
   652  0.00172
   653  0.01698
   654  0.00959
   655  0.00297
   656  0.01356
   657  0.01514
   658  0.01826
   659  0.01588
   660  0.00528
   661  0.00277
   662  0.00793
   663  0.02482
   664  0.02563
   665  0.01911
   666  0.00781
   667  0.00495
   668 -0.00171
   669 -0.01075
   670  0.00557
   671  0.00470
   672  0.00893
   673  0.01592
   674  0.00529
   675 -0.00395
   676  0.00103
   677  0.00314
   678  0.00101
   679  0.00656
   680  0.00006
   681 -0.01414
   682  0.00289
   683  0.00759
   684  0.01475
   685  0.01353
   686  0.00162
   687  0.00485
   688  0.01639
   689  0.01786
   690  0.02166
   691  0.00432
   692  0.00577
   693  0.01432
   694  0.01421
   695  0.00040
   696  0.00037
   697  0.00597
   698  0.01573
   699  0.01261
   700  0.00692
   701  0.00984
   702 -0.00233
   703 -0.00033
   704 -0.00020
   705 -0.00033
   706 -0.00168
   707  0.00064
   708 -0.00268
   709  0.00000
   710  0.00000
   711  0.00000
   712  0.00000
   713  0.00000
   714  0.00000
   715  0.00000
   716  0.00000
   717  0.00000
   718  0.00000
   719  0.00000
