 390.000  0.33752
 390.200  0.35450
 390.400  0.35350
 390.600  0.32884
 390.800  0.28449
 391.000  0.25295
 391.200  0.24143
 391.400  0.24685
 391.600  0.24538
 391.800  0.23197
 392.000  0.20855
 392.200  0.18945
 392.400  0.17757
 392.600  0.17323
 392.800  0.17879
 393.000  0.19465
 393.200  0.21809
 393.400  0.23058
 393.600  0.22867
 393.800  0.21403
 394.000  0.19732
 394.200  0.18044
 394.400  0.16380
 394.600  0.14993
 394.800  0.13928
 395.000  0.13399
 395.200  0.14689
 395.400  0.18000
 395.600  0.22767
 395.800  0.25791
 396.000  0.26572
 396.200  0.25407
 396.400  0.23857
 396.600  0.22156
 396.800  0.20425
 397.000  0.19281
 397.200  0.18806
 397.400  0.18795
 397.600  0.18226
 397.800  0.16962
 398.000  0.15176
 398.200  0.13699
 398.400  0.12630
 398.600  0.11963
 398.800  0.11639
 399.000  0.11654
 399.200  0.11977
 399.400  0.12505
 399.600  0.13224
 399.800  0.14088
 400.000  0.14901
 400.200  0.15646
 400.400  0.16108
 400.600  0.15436
 400.800  0.13540
 401.000  0.10889
 401.200  0.09288
 401.400  0.08912
 401.600  0.09397
 401.800  0.09394
 402.000  0.08777
 402.200  0.07916
 402.400  0.08124
 402.600  0.09515
 402.800  0.11823
 403.000  0.14140
 403.200  0.16393
 403.400  0.18279
 403.600  0.18816
 403.800  0.17927
 404.000  0.16045
 404.200  0.14540
 404.400  0.13515
 404.600  0.12933
 404.800  0.12689
 405.000  0.12775
 405.200  0.13182
 405.400  0.13878
 405.600  0.14860
 405.800  0.15823
 406.000  0.15896
 406.200  0.15030
 406.400  0.13777
 406.600  0.13646
 406.800  0.14720
 407.000  0.16342
 407.200  0.16796
 407.400  0.16000
 407.600  0.14361
 407.800  0.12909
 408.000  0.11694
 408.200  0.10577
 408.400  0.09215
 408.600  0.07595
 408.800  0.06219
 409.000  0.06254
 409.200  0.07749
 409.400  0.10033
 409.600  0.11612
 409.800  0.12435
 410.000  0.12532
 410.200  0.11974
 410.400  0.10765
 410.600  0.09445
 410.800  0.09145
 411.000  0.09892
 411.200  0.10994
 411.400  0.11062
 411.600  0.10061
 411.800  0.08735
 412.000  0.08508
 412.200  0.09417
 412.400  0.10666
 412.600  0.10780
 412.800  0.09728
 413.000  0.08368
 413.200  0.08228
 413.400  0.09331
 413.600  0.11308
 413.800  0.13522
 414.000  0.15965
 414.200  0.17887
 414.400  0.18067
 414.600  0.16491
 414.800  0.14107
 415.000  0.12425
 415.200  0.11457
 415.400  0.11211
 415.600  0.11697
 415.800  0.12911
 416.000  0.14315
 416.200  0.15133
 416.400  0.15356
 416.600  0.15043
 416.800  0.14271
 417.000  0.13039
 417.200  0.11987
 417.400  0.11960
 417.600  0.12967
 417.800  0.14279
 418.000  0.14970
 418.200  0.15034
 418.400  0.15222
 418.600  0.16460
 418.800  0.18746
 419.000  0.21103
 419.200  0.22366
 419.400  0.22538
 419.600  0.22192
 419.800  0.21980
 420.000  0.21906
 420.200  0.22281
 420.400  0.23443
 420.600  0.25388
 420.800  0.27535
 421.000  0.29279
 421.200  0.30611
 421.400  0.31675
 421.600  0.32597
 421.800  0.33381
 422.000  0.33414
 422.200  0.32117
 422.400  0.29494
 422.600  0.26558
 422.800  0.24234
 423.000  0.22519
 423.200  0.22186
 423.400  0.23904
 423.600  0.27665
 423.800  0.31136
 424.000  0.32364
 424.200  0.31359
 424.400  0.29120
 424.600  0.26449
 424.800  0.23352
 425.000  0.20772
 425.200  0.19435
 425.400  0.19336
 425.600  0.20096
 425.800  0.21428
 426.000  0.23329
 426.200  0.24656
 426.400  0.24610
 426.600  0.23206
 426.800  0.21745
 427.000  0.21115
 427.200  0.21300
 427.400  0.21222
 427.600  0.20177
 427.800  0.18180
 428.000  0.16430
 428.200  0.15672
 428.400  0.15898
 428.600  0.16567
 428.800  0.17353
 429.000  0.18254
 429.200  0.19093
 429.400  0.19771
 429.600  0.20285
 429.800  0.20673
 430.000  0.20953
 430.200  0.21139
 430.400  0.21744
 430.600  0.23049
 430.800  0.25016
 431.000  0.26293
 431.200  0.26185
 431.400  0.24722
 431.600  0.22826
 431.800  0.20960
 432.000  0.19126
 432.200  0.17493
 432.400  0.16141
 432.600  0.15052
 432.800  0.13826
 433.000  0.12272
 433.200  0.10441
 433.400  0.09554
 433.600  0.10153
 433.800  0.12179
 434.000  0.14362
 434.200  0.16160
 434.400  0.17585
 434.600  0.18732
 434.800  0.19650
 435.000  0.20352
 435.200  0.21173
 435.400  0.22240
 435.600  0.23551
 435.800  0.25072
 436.000  0.26790
 436.200  0.28756
 436.400  0.31859
 436.600  0.36418
 436.800  0.42234
 437.000  0.46077
 437.200  0.46817
 437.400  0.44564
 437.600  0.40892
 437.800  0.36339
 438.000  0.30999
 438.200  0.26251
 438.400  0.22538
 438.600  0.19858
 438.800  0.18236
 439.000  0.17675
 439.200  0.18070
 439.400  0.18099
 439.600  0.17370
 439.800  0.15951
 440.000  0.14656
 440.200  0.13720
 440.400  0.13144
 440.600  0.12955
 440.800  0.13160
 441.000  0.13815
 441.200  0.15543
 441.400  0.18503
 441.600  0.22407
 441.800  0.24397
 442.000  0.23743
 442.200  0.20666
 442.400  0.17206
 442.600  0.13865
 442.800  0.10736
 443.000  0.08634
 443.200  0.07749
 443.400  0.08007
 443.600  0.08793
 443.800  0.09958
 444.000  0.11446
 444.200  0.12731
 444.400  0.13707
 444.600  0.14416
 444.800  0.15220
 445.000  0.16194
 445.200  0.17195
 445.400  0.17155
 445.600  0.15864
 445.800  0.13540
 446.000  0.11670
 446.200  0.10532
 446.400  0.10218
 446.600  0.11320
 446.800  0.13943
 447.000  0.17638
 447.200  0.19569
 447.400  0.19242
 447.600  0.16993
 447.800  0.14853
 448.000  0.13159
 448.200  0.11888
 448.400  0.10920
 448.600  0.10237
 448.800  0.09751
 449.000  0.09012
 449.200  0.07947
 449.400  0.06543
 449.600  0.04727
 449.800  0.02484
 450.000  0.00215
 450.200 -0.00073
 450.400  0.01895
 450.600  0.05407
 450.800  0.07024
 451.000  0.06297
 451.200  0.03835
 451.400  0.02473
 451.600  0.02565
 451.800  0.03926
 452.000  0.05747
 452.200  0.07928
 452.400  0.10128
 452.600  0.10892
 452.800  0.10059
 453.000  0.08067
 453.200  0.06728
 453.400  0.06234
 453.600  0.06431
 453.800  0.06725
 454.000  0.07055
 454.200  0.07390
 454.400  0.07608
 454.600  0.07703
 454.800  0.07883
 455.000  0.08920
 455.200  0.10884
 455.400  0.13537
 455.600  0.16059
 455.800  0.18382
 456.000  0.20033
 456.200  0.19438
 456.400  0.16475
 456.600  0.12084
 456.800  0.09307
 457.000  0.08369
 457.200  0.08915
 457.400  0.09849
 457.600  0.11089
 457.800  0.12380
 458.000  0.12960
 458.200  0.12774
 458.400  0.11909
 458.600  0.10604
 458.800  0.08873
 459.000  0.06988
 459.200  0.05697
 459.400  0.05041
 459.600  0.04940
 459.800  0.05174
 460.000  0.05734
 460.200  0.06324
 460.400  0.06195
 460.600  0.05310
 460.800  0.04143
 461.000  0.03851
 461.200  0.04487
 461.400  0.05888
 461.600  0.07673
 461.800  0.09822
 462.000  0.11789
 462.200  0.12310
 462.400  0.11338
 462.600  0.09604
 462.800  0.08701
 463.000  0.08683
 463.200  0.09125
 463.400  0.09119
 463.600  0.08638
 463.800  0.08085
 464.000  0.08281
 464.200  0.09249
 464.400  0.10602
 464.600  0.11583
 464.800  0.12175
 465.000  0.12313
 465.200  0.11876
 465.400  0.10864
 465.600  0.09776
 465.800  0.09517
 466.000  0.10105
 466.200  0.11033
 466.400  0.11424
 466.600  0.11261
 466.800  0.10748
 467.000  0.10221
 467.200  0.09682
 467.400  0.09087
 467.600  0.08354
 467.800  0.07484
 468.000  0.07059
 468.200  0.07972
 468.400  0.10233
 468.600  0.13132
 468.800  0.15617
 469.000  0.17679
 469.200  0.19146
 469.400  0.19769
 469.600  0.19549
 469.800  0.18374
 470.000  0.16087
 470.200  0.12689
 470.400  0.09270
 470.600  0.07260
 470.800  0.06661
 471.000  0.06976
 471.200  0.07579
 471.400  0.08465
 471.600  0.09225
 471.800  0.09359
 472.000  0.08865
 472.200  0.08236
 472.400  0.08039
 472.600  0.08275
 472.800  0.08457
 473.000  0.08044
 473.200  0.07039
 473.400  0.05963
 473.600  0.05368
 473.800  0.05250
 474.000  0.05667
 474.200  0.06671
 474.400  0.08261
 474.600  0.09990
 474.800  0.11430
 475.000  0.12580
 475.200  0.12875
 475.400  0.11790
 475.600  0.09333
 475.800  0.07002
 476.000  0.06132
 476.200  0.06717
 476.400  0.07847
 476.600  0.08749
 476.800  0.09420
 477.000  0.09487
 477.200  0.08640
 477.400  0.06890
 477.600  0.05650
 477.800  0.06025
 478.000  0.08009
 478.200  0.10164
 478.400  0.11419
 478.600  0.11776
 478.800  0.11734
 479.000  0.11653
 479.200  0.11528
 479.400  0.11152
 479.600  0.10378
 479.800  0.09213
 480.000  0.08339
 480.200  0.08206
 480.400  0.08801
 480.600  0.08780
 480.800  0.07296
 481.000  0.04378
 481.200  0.02001
 481.400  0.01375
 481.600  0.02473
 481.800  0.03914
 482.000  0.04886
 482.200  0.05397
 482.400  0.05805
 482.600  0.06318
 482.800  0.06931
 483.000  0.07504
 483.200  0.07963
 483.400  0.08303
 483.600  0.08353
 483.800  0.08025
 484.000  0.07336
 484.200  0.06839
 484.400  0.06815
 484.600  0.07253
 484.800  0.07873
 485.000  0.08541
 485.200  0.09264
 485.400  0.10307
 485.600  0.11795
 485.800  0.13690
 486.000  0.15010
 486.200  0.15317
 486.400  0.14618
 486.600  0.13142
 486.800  0.10983
 487.000  0.08230
 487.200  0.06799
 487.400  0.07486
 487.600  0.10174
 487.800  0.12479
 488.000  0.13445
 488.200  0.13116
 488.400  0.12304
 488.600  0.11320
 488.800  0.10191
 489.000  0.09430
 489.200  0.09219
 489.400  0.09566
 489.600  0.10532
 489.800  0.12141
 490.000  0.14334
 490.200  0.16222
 490.400  0.17501
 490.600  0.18185
 490.800  0.18463
 491.000  0.18399
 491.200  0.18003
 491.400  0.17473
 491.600  0.16869
 491.800  0.16203
 492.000  0.15627
 492.200  0.15190
 492.400  0.14838
 492.600  0.13931
 492.800  0.12282
 493.000  0.10048
 493.200  0.09034
 493.400  0.09746
 493.600  0.12036
 493.800  0.14353
 494.000  0.16276
 494.200  0.17825
 494.400  0.19180
 494.600  0.20389
 494.800  0.21367
 495.000  0.21307
 495.200  0.20008
 495.400  0.17625
 495.600  0.15534
 495.800  0.14063
 496.000  0.13172
 496.200  0.12475
 496.400  0.11885
 496.600  0.11389
 496.800  0.10856
 497.000  0.10261
 497.200  0.09647
 497.400  0.09382
 497.600  0.09538
 497.800  0.09990
 498.000  0.09787
 498.200  0.08741
 498.400  0.07034
 498.600  0.05970
 498.800  0.05801
 499.000  0.06532
 499.200  0.08203
 499.400  0.10819
 499.600  0.14080
 499.800  0.16039
 500.000  0.16355
 500.200  0.15301
 500.400  0.14548
 500.600  0.14383
 500.800  0.14670
 501.000  0.14633
 501.200  0.14143
 501.400  0.13321
 501.600  0.12835
 501.800  0.12791
 502.000  0.13104
 502.200  0.13340
 502.400  0.13434
 502.600  0.13411
 502.800  0.13423
 503.000  0.13484
 503.200  0.13519
 503.400  0.13122
 503.600  0.12240
 503.800  0.11100
 504.000  0.10760
 504.200  0.11357
 504.400  0.12538
 504.600  0.12719
 504.800  0.11708
 505.000  0.09828
 505.200  0.08494
 505.400  0.07869
 505.600  0.07961
 505.800  0.08812
 506.000  0.10429
 506.200  0.12458
 506.400  0.13497
 506.600  0.13399
 506.800  0.12483
 507.000  0.11966
 507.200  0.11969
 507.400  0.12417
 507.600  0.13030
 507.800  0.13781
 508.000  0.14533
 508.200  0.14796
 508.400  0.14531
 508.600  0.14082
 508.800  0.14636
 509.000  0.16289
 509.200  0.18573
 509.400  0.19961
 509.600  0.20336
 509.800  0.19924
 510.000  0.19432
 510.200  0.18910
 510.400  0.18315
 510.600  0.17502
 510.800  0.16466
 511.000  0.15363
 511.200  0.14664
 511.400  0.14399
 511.600  0.14733
 511.800  0.16137
 512.000  0.18637
 512.200  0.21605
 512.400  0.23343
 512.600  0.23760
 512.800  0.23419
 513.000  0.23775
 513.200  0.24906
 513.400  0.26649
 513.600  0.28606
 513.800  0.30759
 514.000  0.33534
 514.200  0.37965
 514.400  0.44095
 514.600  0.52175
 514.800  0.62785
 515.000  0.75946
 515.200  0.90924
 515.400  1.06092
 515.600  1.21387
 515.800  1.35158
 516.000  1.43864
 516.200  1.47392
 516.400  1.47545
 516.600  1.48028
 516.800  1.48957
 517.000  1.49295
 517.200  1.46989
 517.400  1.41982
 517.600  1.33375
 517.800  1.19437
 518.000  1.00130
 518.200  0.78828
 518.400  0.61714
 518.600  0.48923
 518.800  0.40246
 519.000  0.35334
 519.200  0.34175
 519.400  0.34637
 519.600  0.33105
 519.800  0.29521
 520.000  0.25033
 520.200  0.21512
 520.400  0.18983
 520.600  0.17495
 520.800  0.17119
 521.000  0.17858
 521.200  0.19231
 521.400  0.20516
 521.600  0.21707
 521.800  0.22694
 522.000  0.23322
 522.200  0.23591
 522.400  0.22959
 522.600  0.20673
 522.800  0.16731
 523.000  0.12685
 523.200  0.10603
 523.400  0.10493
 523.600  0.11411
 523.800  0.12153
 524.000  0.12712
 524.200  0.13303
 524.400  0.14190
 524.600  0.15370
 524.800  0.16703
 525.000  0.18024
 525.200  0.19331
 525.400  0.20742
 525.600  0.22393
 525.800  0.24281
 526.000  0.25683
 526.200  0.25823
 526.400  0.24703
 526.600  0.22595
 526.800  0.19786
 527.000  0.16277
 527.200  0.13140
 527.400  0.11436
 527.600  0.11161
 527.800  0.11279
 528.000  0.10812
 528.200  0.09763
 528.400  0.08664
 528.600  0.07999
 528.800  0.07766
 529.000  0.07972
 529.200  0.08623
 529.400  0.09715
 529.600  0.10770
 529.800  0.11389
 530.000  0.11575
 530.200  0.11793
 530.400  0.12412
 530.600  0.13431
 530.800  0.15050
 531.000  0.17420
 531.200  0.20536
 531.400  0.23467
 531.600  0.25537
 531.800  0.26740
 532.000  0.26845
 532.200  0.25689
 532.400  0.23282
 532.600  0.20952
 532.800  0.19591
 533.000  0.19192
 533.200  0.19217
 533.400  0.19317
 533.600  0.19490
 533.800  0.19742
 534.000  0.20073
 534.200  0.20473
 534.400  0.20287
 534.600  0.19121
 534.800  0.17010
 535.000  0.15697
 535.200  0.16182
 535.400  0.18436
 535.600  0.21039
 535.800  0.23212
 536.000  0.24939
 536.200  0.25615
 536.400  0.24916
 536.600  0.22876
 536.800  0.20807
 537.000  0.19377
 537.200  0.18574
 537.400  0.18031
 537.600  0.17567
 537.800  0.17187
 538.000  0.17007
 538.200  0.17083
 538.400  0.17407
 538.600  0.17771
 538.800  0.18080
 539.000  0.18354
 539.200  0.19006
 539.400  0.20223
 539.600  0.21944
 539.800  0.22782
 540.000  0.22156
 540.200  0.20154
 540.400  0.18663
 540.600  0.18445
 540.800  0.19434
 541.000  0.20339
 541.200  0.20658
 541.400  0.20406
 541.600  0.19897
 541.800  0.19246
 542.000  0.18486
 542.200  0.18141
 542.400  0.18398
 542.600  0.19165
 542.800  0.18914
 543.000  0.17120
 543.200  0.13935
 543.400  0.11703
 543.600  0.11199
 543.800  0.12343
 544.000  0.14027
 544.200  0.15892
 544.400  0.17811
 544.600  0.18109
 544.800  0.16272
 545.000  0.12540
 545.200  0.09879
 545.400  0.09168
 545.600  0.10256
 545.800  0.11393
 546.000  0.12081
 546.200  0.12321
 546.400  0.12191
 546.600  0.11709
 546.800  0.10935
 547.000  0.10506
 547.200  0.10592
 547.400  0.11113
 547.600  0.11332
 547.800  0.11060
 548.000  0.10323
 548.200  0.09325
 548.400  0.08117
 548.600  0.06837
 548.800  0.06680
 549.000  0.07926
 549.200  0.10349
 549.400  0.12080
 549.600  0.12699
 549.800  0.12301
 550.000  0.11648
 550.200  0.10903
 550.400  0.10159
 550.600  0.10111
 550.800  0.10902
 551.000  0.12457
 551.200  0.14216
 551.400  0.16076
 551.600  0.17903
 551.800  0.18798
 552.000  0.18593
 552.200  0.17393
 552.400  0.15863
 552.600  0.14127
 552.800  0.12277
 553.000  0.10893
 553.200  0.10072
 553.400  0.09744
 553.600  0.09469
 553.800  0.09175
 554.000  0.08870
 554.200  0.08568
 554.400  0.08275
 554.600  0.08122
 554.800  0.08827
 555.000  0.10496
 555.200  0.12901
 555.400  0.14852
 555.600  0.16180
 555.800  0.16865
 556.000  0.16822
 556.200  0.16033
 556.400  0.14642
 556.600  0.13303
 556.800  0.12102
 557.000  0.11021
 557.200  0.09973
 557.400  0.08947
 557.600  0.08037
 557.800  0.07647
 558.000  0.07828
 558.200  0.08461
 558.400  0.09060
 558.600  0.09571
 558.800  0.09945
 559.000  0.09994
 559.200  0.09700
 559.400  0.09201
 559.600  0.09035
 559.800  0.09256
 560.000  0.09744
 560.200  0.10053
 560.400  0.10142
 560.600  0.10126
 560.800  0.10426
 561.000  0.11076
 561.200  0.11800
 561.400  0.11632
 561.600  0.10491
 561.800  0.08706
 562.000  0.07373
 562.200  0.06581
 562.400  0.06342
 562.600  0.06707
 562.800  0.07678
 563.000  0.08928
 563.200  0.09453
 563.400  0.09180
 563.600  0.08445
 563.800  0.08234
 564.000  0.08608
 564.200  0.09340
 564.400  0.09778
 564.600  0.09879
 564.800  0.09633
 565.000  0.08999
 565.200  0.07980
 565.400  0.06804
 565.600  0.06076
 565.800  0.05833
 566.000  0.05932
 566.200  0.06021
 566.400  0.06082
 566.600  0.06160
 566.800  0.06355
 567.000  0.06673
 567.200  0.07275
 567.400  0.08544
 567.600  0.10497
 567.800  0.12766
 568.000  0.14522
 568.200  0.15736
 568.400  0.16282
 568.600  0.15888
 568.800  0.14549
 569.000  0.12801
 569.200  0.11769
 569.400  0.11485
 569.600  0.11893
 569.800  0.12876
 570.000  0.14430
 570.200  0.16138
 570.400  0.17188
 570.600  0.17561
 570.800  0.17593
 571.000  0.17908
 571.200  0.18521
 571.400  0.19117
 571.600  0.19138
 571.800  0.18572
 572.000  0.17754
 572.200  0.17252
 572.400  0.17079
 572.600  0.17196
 572.800  0.17535
 573.000  0.18099
 573.200  0.18556
 573.400  0.18378
 573.600  0.17559
 573.800  0.16591
 574.000  0.16229
 574.200  0.16479
 574.400  0.17177
 574.600  0.18084
 574.800  0.19197
 575.000  0.20256
 575.200  0.20894
 575.400  0.21109
 575.600  0.21140
 575.800  0.21304
 576.000  0.21605
 576.200  0.21883
 576.400  0.21932
 576.600  0.21749
 576.800  0.21592
 577.000  0.21772
 577.200  0.22296
 577.400  0.23060
 577.600  0.23951
 577.800  0.24968
 578.000  0.25689
 578.200  0.25632
 578.400  0.24798
 578.600  0.23646
 578.800  0.22681
 579.000  0.21898
 579.200  0.21345
 579.400  0.21069
 579.600  0.21068
 579.800  0.21404
 580.000  0.22139
 580.200  0.23274
 580.400  0.24456
 580.600  0.25354
 580.800  0.25968
 581.000  0.26052
 581.200  0.25389
 581.400  0.23978
 581.600  0.22594
 581.800  0.21913
 582.000  0.21932
 582.200  0.22468
 582.400  0.23358
 582.600  0.24601
 582.800  0.25605
 583.000  0.25889
 583.200  0.25459
 583.400  0.24869
 583.600  0.24552
 583.800  0.24507
 584.000  0.24581
 584.200  0.24658
 584.400  0.24741
 584.600  0.24889
 584.800  0.25149
 585.000  0.25519
 585.200  0.26117
 585.400  0.27023
 585.600  0.28239
 585.800  0.29800
 586.000  0.31732
 586.200  0.34032
 586.400  0.36645
 586.600  0.39530
 586.800  0.42706
 587.000  0.47268
 587.200  0.53879
 587.400  0.62528
 587.600  0.72525
 587.800  0.83471
 588.000  0.95283
 588.200  1.03787
 588.400  1.06649
 588.600  1.03907
 588.800  0.97053
 589.000  0.86893
 589.200  0.73513
 589.400  0.60404
 589.600  0.49367
 589.800  0.40405
 590.000  0.33616
 590.200  0.29042
 590.400  0.26639
 590.600  0.24813
 590.800  0.22800
 591.000  0.20615
 591.200  0.18613
 591.400  0.16958
 591.600  0.15653
 591.800  0.14762
 592.000  0.14315
 592.200  0.14315
 592.400  0.14870
 592.600  0.16031
 592.800  0.17756
 593.000  0.19209
 593.200  0.20047
 593.400  0.20252
 593.600  0.19471
 593.800  0.17563
 594.000  0.14632
 594.200  0.12659
 594.400  0.12392
 594.600  0.13748
 594.800  0.15230
 595.000  0.16294
 595.200  0.16939
 595.400  0.17149
 595.600  0.16924
 595.800  0.16280
 596.000  0.15535
 596.200  0.14794
 596.400  0.14088
 596.600  0.13828
 596.800  0.14146
 597.000  0.14968
 597.200  0.15267
 597.400  0.14726
 597.600  0.13456
 597.800  0.12861
 598.000  0.13364
 598.200  0.14857
 598.400  0.16058
 598.600  0.16597
 598.800  0.16520
 599.000  0.16319
 599.200  0.16131
 599.400  0.15970
 599.600  0.15983
 599.800  0.16205
 600.000  0.16573
 600.200  0.16399
 600.400  0.15511
 600.600  0.14012
 600.800  0.12885
 601.000  0.12373
 601.200  0.12418
 601.400  0.12525
 601.600  0.12581
 601.800  0.12564
 602.000  0.12324
 602.200  0.11825
 602.400  0.11129
 602.600  0.10733
 602.800  0.10743
 603.000  0.11142
 603.200  0.11802
 603.400  0.12695
 603.600  0.13804
 603.800  0.15011
 604.000  0.16294
 604.200  0.17540
 604.400  0.17966
 604.600  0.17424
 604.800  0.16078
 605.000  0.15010
 605.200  0.14422
 605.400  0.14236
 605.600  0.13980
 605.800  0.13574
 606.000  0.13018
 606.200  0.12341
 606.400  0.11542
 606.600  0.10767
 606.800  0.10835
 607.000  0.11877
 607.200  0.13613
 607.400  0.14471
 607.600  0.14215
 607.800  0.13117
 608.000  0.12609
 608.200  0.12899
 608.400  0.13810
 608.600  0.14425
 608.800  0.14620
 609.000  0.14443
 609.200  0.14152
 609.400  0.13776
 609.600  0.13330
 609.800  0.12866
 610.000  0.12390
 610.200  0.11937
 610.400  0.11676
 610.600  0.11624
 610.800  0.11726
 611.000  0.11745
 611.200  0.11655
 611.400  0.11594
 611.600  0.12119
 611.800  0.13293
 612.000  0.14920
 612.200  0.16218
 612.400  0.17113
 612.600  0.17689
 612.800  0.18274
 613.000  0.18900
 613.200  0.19492
 613.400  0.19779
 613.600  0.19735
 613.800  0.19698
 614.000  0.20861
 614.200  0.23323
 614.400  0.26788
 614.600  0.30261
 614.800  0.33661
 615.000  0.36479
 615.200  0.37060
 615.400  0.35280
 615.600  0.31605
 615.800  0.27481
 616.000  0.23009
 616.200  0.18707
 616.400  0.16112
 616.600  0.15330
 616.800  0.15773
 617.000  0.15759
 617.200  0.15182
 617.400  0.14339
 617.600  0.14045
 617.800  0.14352
 618.000  0.14915
 618.200  0.14826
 618.400  0.14036
 618.600  0.12869
 618.800  0.12148
 619.000  0.11917
 619.200  0.12191
 619.400  0.13022
 619.600  0.14407
 619.800  0.15932
 620.000  0.16600
 620.200  0.16368
 620.400  0.15517
 620.600  0.14684
 620.800  0.13891
 621.000  0.13189
 621.200  0.12686
 621.400  0.12389
 621.600  0.12414
 621.800  0.13014
 622.000  0.14197
 622.200  0.15484
 622.400  0.15899
 622.600  0.15412
 622.800  0.14596
 623.000  0.14569
 623.200  0.15358
 623.400  0.16503
 623.600  0.17132
 623.800  0.17222
 624.000  0.16883
 624.200  0.16304
 624.400  0.15491
 624.600  0.14778
 624.800  0.14751
 625.000  0.15420
 625.200  0.16418
 625.400  0.17129
 625.600  0.17546
 625.800  0.17503
 626.000  0.16742
 626.200  0.15259
 626.400  0.13734
 626.600  0.13217
 626.800  0.13719
 627.000  0.14649
 627.200  0.15125
 627.400  0.15141
 627.600  0.15312
 627.800  0.16515
 628.000  0.18759
 628.200  0.21130
 628.400  0.22375
 628.600  0.22487
 628.800  0.21985
 629.000  0.21551
 629.200  0.21187
 629.400  0.20668
 629.600  0.19707
 629.800  0.18306
 630.000  0.17157
 630.200  0.17099
 630.400  0.18134
 630.600  0.19404
 630.800  0.19919
 631.000  0.19678
 631.200  0.19083
 631.400  0.18584
 631.600  0.18179
 631.800  0.17910
 632.000  0.17824
 632.200  0.17919
 632.400  0.18070
 632.600  0.18148
 632.800  0.18154
 633.000  0.18289
 633.200  0.18748
 633.400  0.19530
 633.600  0.20257
 633.800  0.20580
 634.000  0.20497
 634.200  0.20497
 634.400  0.21010
 634.600  0.22036
 634.800  0.23104
 635.000  0.23816
 635.200  0.24172
 635.400  0.24254
 635.600  0.24128
 635.800  0.23796
 636.000  0.23561
 636.200  0.23658
 636.400  0.24087
 636.600  0.24418
 636.800  0.24331
 637.000  0.23828
 637.200  0.23363
 637.400  0.23267
 637.600  0.23533
 637.800  0.23847
 638.000  0.23989
 638.200  0.23957
 638.400  0.23672
 638.600  0.23081
 638.800  0.22187
 639.000  0.21033
 639.200  0.19656
 639.400  0.18071
 639.600  0.17670
 639.800  0.19303
 640.000  0.22928
 640.200  0.26049
 640.400  0.27192
 640.600  0.26380
 640.800  0.24803
 641.000  0.23133
 641.200  0.21386
 641.400  0.20416
 641.600  0.20686
 641.800  0.22167
 642.000  0.23657
 642.200  0.24522
 642.400  0.24789
 642.600  0.25317
 642.800  0.26545
 643.000  0.28442
 643.200  0.30024
 643.400  0.30818
 643.600  0.30845
 643.800  0.30693
 644.000  0.30640
 644.200  0.30679
 644.400  0.30661
 644.600  0.30521
 644.800  0.30250
 645.000  0.29693
 645.200  0.28782
 645.400  0.27541
 645.600  0.26532
 645.800  0.25988
 646.000  0.25891
 646.200  0.25873
 646.400  0.25790
 646.600  0.25648
 646.800  0.25607
 647.000  0.25727
 647.200  0.26003
 647.400  0.26368
 647.600  0.26792
 647.800  0.27259
 648.000  0.27493
 648.200  0.27393
 648.400  0.26974
 648.600  0.26447
 648.800  0.25883
 649.000  0.25301
 649.200  0.24933
 649.400  0.24859
 649.600  0.25046
 649.800  0.25105
 650.000  0.24909
 650.200  0.24474
 650.400  0.23998
 650.600  0.23540
 650.800  0.23096
 651.000  0.22599
 651.200  0.22028
 651.400  0.21465
 651.600  0.21819
 651.800  0.23345
 652.000  0.25851
 652.200  0.27281
 652.400  0.27074
 652.600  0.25410
 652.800  0.24074
 653.000  0.23533
 653.200  0.23698
 653.400  0.23745
 653.600  0.23466
 653.800  0.22901
 654.000  0.22398
 654.200  0.22041
 654.400  0.21803
 654.600  0.21449
 654.800  0.20925
 655.000  0.20304
 655.200  0.20199
 655.400  0.20746
 655.600  0.21900
 655.800  0.23331
 656.000  0.24967
 656.200  0.26683
 656.400  0.27531
 656.600  0.27321
 656.800  0.26241
 657.000  0.25622
 657.200  0.25719
 657.400  0.26409
 657.600  0.26845
 657.800  0.26867
 658.000  0.26520
 658.200  0.26097
 658.400  0.25649
 658.600  0.25183
 658.800  0.24741
 659.000  0.24332
 659.200  0.24010
 659.400  0.24094
 659.600  0.24640
 659.800  0.25506
 660.000  0.25908
 660.200  0.25725
 660.400  0.24954
 660.600  0.23571
 660.800  0.21571
 661.000  0.19197
 661.200  0.17683
 661.400  0.17203
 661.600  0.17594
 661.800  0.18046
 662.000  0.18452
 662.200  0.18828
 662.400  0.19259
 662.600  0.19754
 662.800  0.20264
 663.000  0.20552
 663.200  0.20589
 663.400  0.20404
 663.600  0.20141
 663.800  0.19811
 664.000  0.19460
 664.200  0.19267
 664.400  0.19250
 664.600  0.19391
 664.800  0.19611
 665.000  0.19898
 665.200  0.20171
 665.400  0.20103
 665.600  0.19659
 665.800  0.18962
 666.000  0.18454
 666.200  0.18177
 666.400  0.18036
 666.600  0.17700
 666.800  0.17138
 667.000  0.16471
 667.200  0.16105
 667.400  0.16074
 667.600  0.16360
 667.800  0.16913
 668.000  0.17727
 668.200  0.18694
 668.400  0.19464
 668.600  0.20012
 668.800  0.20310
 669.000  0.20271
 669.200  0.19888
 669.400  0.19251
 669.600  0.18630
 669.800  0.18038
 670.000  0.17397
 670.200  0.16479
 670.400  0.15270
 670.600  0.14008
 670.800  0.13330
 671.000  0.13271
 671.200  0.13785
 671.400  0.14746
 671.600  0.16149
 671.800  0.17630
 672.000  0.18278
 672.200  0.18049
 672.400  0.17155
 672.600  0.16095
 672.800  0.14895
 673.000  0.13743
 673.200  0.13077
 673.400  0.12913
 673.600  0.13159
 673.800  0.13606
 674.000  0.14248
 674.200  0.14732
 674.400  0.14308
 674.600  0.12951
 674.800  0.11368
 675.000  0.11020
 675.200  0.11950
 675.400  0.13348
 675.600  0.13609
 675.800  0.12691
 676.000  0.11277
 676.200  0.10673
 676.400  0.10910
 676.600  0.11619
 676.800  0.12123
 677.000  0.12407
 677.200  0.12457
 677.400  0.12254
 677.600  0.11796
 677.800  0.11145
 678.000  0.10400
 678.200  0.09565
 678.400  0.08645
 678.600  0.07658
 678.800  0.06604
 679.000  0.05732
 679.200  0.05436
 679.400  0.05722
 679.600  0.06421
 679.800  0.07286
 680.000  0.08311
 680.200  0.09322
 680.400  0.10066
 680.600  0.10539
 680.800  0.10687
 681.000  0.10434
 681.200  0.09781
 681.400  0.08901
 681.600  0.08022
 681.800  0.07145
 682.000  0.06390
 682.200  0.05907
 682.400  0.05693
 682.600  0.05926
 682.800  0.06817
 683.000  0.08370
 683.200  0.10032
 683.400  0.11160
 683.600  0.11752
 683.800  0.11890
 684.000  0.11662
 684.200  0.11070
 684.400  0.10220
 684.600  0.09232
 684.800  0.08104
 685.000  0.07193
 685.200  0.06862
 685.400  0.07112
 685.600  0.07353
 685.800  0.07003
 686.000  0.06061
 686.200  0.05083
 686.400  0.04589
 686.600  0.04579
 686.800  0.04727
 687.000  0.04737
 687.200  0.04611
 687.400  0.04552
 687.600  0.04741
 687.800  0.05176
 688.000  0.05609
 688.200  0.05841
 688.400  0.05869
 688.600  0.05736
 688.800  0.05475
 689.000  0.05089
 689.200  0.05048
 689.400  0.05708
 689.600  0.07065
 689.800  0.08369
 690.000  0.09074
 690.200  0.09179
 690.400  0.08730
 690.600  0.07754
 690.800  0.06260
 691.000  0.04739
 691.200  0.03523
 691.400  0.02617
 691.600  0.02214
 691.800  0.02444
 692.000  0.03299
 692.200  0.04397
 692.400  0.05496
 692.600  0.06595
 692.800  0.07414
 693.000  0.07785
 693.200  0.07714
 693.400  0.07446
 693.600  0.07126
 693.800  0.06753
 694.000  0.06375
 694.200  0.06020
 694.400  0.05689
 694.600  0.05481
 694.800  0.05447
 695.000  0.05585
 695.200  0.05735
 695.400  0.05819
 695.600  0.05843
 695.800  0.06103
 696.000  0.06747
 696.200  0.07747
 696.400  0.08321
 696.600  0.08101
 696.800  0.07121
 697.000  0.06355
 697.200  0.06249
 697.400  0.06775
 697.600  0.07230
 697.800  0.07307
 698.000  0.07023
 698.200  0.06785
 698.400  0.06760
 698.600  0.06930
 698.800  0.06854
 699.000  0.06354
 699.200  0.05483
 699.400  0.05286
 699.600  0.06170
 699.800  0.08059
 700.000  0.09561
 700.200  0.10151
 700.400  0.09871
 700.600  0.09418
 700.800  0.09042
 701.000  0.08740
 701.200  0.08460
 701.400  0.08188
 701.600  0.07902
 701.800  0.07320
 702.000  0.06347
 702.200  0.05056
 702.400  0.04480
 702.600  0.04952
 702.800  0.06359
 703.000  0.07260
 703.200  0.07209
 703.400  0.06283
 703.600  0.05428
 703.800  0.04926
 704.000  0.04788
 704.200  0.05154
 704.400  0.06062
 704.600  0.07433
 704.800  0.08379
 705.000  0.08658
 705.200  0.08335
 705.400  0.08081
 705.600  0.08071
 705.800  0.08292
 706.000  0.08595
 706.200  0.08945
 706.400  0.09305
 706.600  0.09348
 706.800  0.08999
 707.000  0.08338
 707.200  0.08077
 707.400  0.08381
 707.600  0.09203
 707.800  0.10128
 708.000  0.11064
 708.200  0.11952
 708.400  0.12314
 708.600  0.12048
 708.800  0.11224
 709.000  0.10360
 709.200  0.09562
 709.400  0.08822
 709.600  0.08056
 709.800  0.07251
 710.000  0.06505
 710.200  0.06491
 710.400  0.07336
 710.600  0.08851
 710.800  0.09785
 711.000  0.09915
 711.200  0.09388
 711.400  0.09136
 711.600  0.09315
 711.800  0.09781
 712.000  0.09648
 712.200  0.08768
 712.400  0.07399
 712.600  0.07001
 712.800  0.07806
 713.000  0.09516
 713.200  0.10512
 713.400  0.10548
 713.600  0.09796
 713.800  0.09152
 714.000  0.08741
 714.200  0.08605
 714.400  0.08938
 714.600  0.09767
 714.800  0.10896
 715.000  0.11386
 715.200  0.11119
 715.400  0.10238
 715.600  0.09417
 715.800  0.08740
 716.000  0.08194
 716.200  0.07732
 716.400  0.07347
 716.600  0.07134
 716.800  0.07490
 717.000  0.08458
 717.200  0.09852
 717.400  0.10917
 717.600  0.11572
 717.800  0.11704
 718.000  0.10866
 718.200  0.09013
 718.400  0.06669
 718.600  0.05794
 718.800  0.06573
 719.000  0.08594
 719.200  0.10363
 719.400  0.11749
 719.600  0.12638
 719.800  0.12648
 720.000  0.11745
 720.200  0.10188
 720.400  0.08834
 720.600  0.07751
 720.800  0.07054
 721.000  0.07107
 721.200  0.07938
 721.400  0.09293
 721.600  0.10396
 721.800  0.11194
 722.000  0.11699
 722.200  0.11963
 722.400  0.11987
 722.600  0.11868
 722.800  0.11875
 723.000  0.12026
 723.200  0.12107
 723.400  0.11542
 723.600  0.10294
 723.800  0.08830
 724.000  0.08375
 724.200  0.08995
 724.400  0.10153
 724.600  0.10494
 724.800  0.09950
 725.000  0.09039
 725.200  0.09025
 725.400  0.09963
 725.600  0.11357
 725.800  0.12035
 726.000  0.11952
 726.200  0.11424
 726.400  0.11171
 726.600  0.11221
 726.800  0.11373
 727.000  0.11198
 727.200  0.10678
 727.400  0.10021
 727.600  0.09662
 727.800  0.09611
 728.000  0.09792
 728.200  0.10042
 728.400  0.10357
 728.600  0.10658
 728.800  0.10784
 729.000  0.10734
 729.200  0.10622
 729.400  0.10664
 729.600  0.10865
 729.800  0.11056
 730.000  0.10933
 730.200  0.10493
 730.400  0.09767
 730.600  0.08821
 730.800  0.07653
 731.000  0.06612
 731.200  0.06278
 731.400  0.06655
 731.600  0.07448
 731.800  0.08173
 732.000  0.08829
 732.200  0.09496
 732.400  0.10302
 732.600  0.11247
 732.800  0.12195
 733.000  0.12943
 733.200  0.13492
 733.400  0.13806
 733.600  0.13840
 733.800  0.13594
 734.000  0.13279
 734.200  0.13190
 734.400  0.13326
 734.600  0.13430
 734.800  0.13168
 735.000  0.12539
 735.200  0.12023
 735.400  0.12209
 735.600  0.13104
 735.800  0.14080
 736.000  0.14392
 736.200  0.14041
 736.400  0.13418
 736.600  0.12971
 736.800  0.12699
 737.000  0.12456
 737.200  0.12081
 737.400  0.11575
 737.600  0.11054
 737.800  0.10640
 738.000  0.10333
 738.200  0.10260
 738.400  0.10544
 738.600  0.11185
 738.800  0.11706
 739.000  0.11649
 739.200  0.11013
 739.400  0.10433
 739.600  0.10492
 739.800  0.11188
 740.000  0.11828
 740.200  0.11803
 740.400  0.11116
 740.600  0.10533
 740.800  0.10701
 741.000  0.11616
 741.200  0.12803
 741.400  0.13878
 741.600  0.14839
 741.800  0.15450
 742.000  0.15526
 742.200  0.15072
 742.400  0.14525
 742.600  0.14213
 742.800  0.14135
 743.000  0.14350
 743.200  0.14895
 743.400  0.15771
 743.600  0.16722
 743.800  0.17578
 744.000  0.18339
 744.200  0.19101
 744.400  0.19930
 744.600  0.20815
 744.800  0.21081
 745.000  0.20304
 745.200  0.18502
 745.400  0.17003
 745.600  0.16609
 745.800  0.17311
 746.000  0.18494
 746.200  0.19802
 746.400  0.21235
 746.600  0.22623
 746.800  0.23875
 747.000  0.24980
 747.200  0.25496
 747.400  0.25182
 747.600  0.24052
 747.800  0.22630
 748.000  0.21190
 748.200  0.19729
 748.400  0.18237
 748.600  0.16708
 748.800  0.15152
 749.000  0.13857
 749.200  0.12965
 749.400  0.12459
 749.600  0.11929
 749.800  0.11183
 750.000  0.10245
