3003.1000 0.28889998793602
3007.0988 0.293199986219406
3011.0976 0.293099999427795
3015.0964 0.292699992656708
3019.0952 0.29789999127388
3023.0940 0.296900004148483
3027.0928 0.291999995708466
3031.0916 0.288300007581711
3035.0904 0.285100013017654
3039.0892 0.284900009632111
3043.0880 0.287200003862381
3047.0868 0.285600006580353
3051.0856 0.285600006580353
3055.0844 0.285699993371964
3059.0832 0.284000009298325
3063.0820 0.280900001525879
3067.0808 0.279700011014938
3071.0796 0.280200004577637
3075.0784 0.280400007963181
3079.0772 0.281100004911423
3083.0760 0.279799997806549
3087.0748 0.278499990701675
3091.0736 0.278600007295609
3095.0724 0.279500007629395
3099.0712 0.280400007963181
3103.0700 0.275299996137619
3107.0688 0.270399987697601
3111.0676 0.270399987697601
3115.0664 0.272300004959106
3119.0652 0.27360001206398
3123.0640 0.273000001907349
3127.0628 0.272799998521805
3131.0616 0.272599995136261
3135.0604 0.271600008010864
3139.0592 0.271299988031387
3143.0580 0.273999989032745
3147.0568 0.270599991083145
3151.0556 0.269199997186661
3155.0544 0.27360001206398
3159.0532 0.275000005960464
3163.0520 0.270099997520447
3167.0508 0.268799990415573
3171.0496 0.268200010061264
3175.0484 0.270700007677078
3179.0472 0.275000005960464
3183.0460 0.273099988698959
3187.0448 0.270700007677078
3191.0436 0.273499995470047
3195.0424 0.27250000834465
3199.0412 0.269499987363815
3203.0400 0.269300013780594
3207.0388 0.272100001573563
3211.0376 0.276100009679794
3215.0364 0.272799998521805
3219.0352 0.271100014448166
3223.0340 0.274199992418289
3227.0328 0.276300013065338
3231.0316 0.273900002241135
3235.0304 0.273699998855591
3239.0292 0.271299988031387
3243.0280 0.271499991416931
3247.0268 0.274100005626678
3251.0256 0.272399991750717
3255.0244 0.269699990749359
3259.0232 0.270599991083145
3263.0220 0.27250000834465
3267.0208 0.271600008010864
3271.0196 0.272000014781952
3275.0184 0.271800011396408
3279.0172 0.273400008678436
3283.0160 0.27360001206398
3287.0148 0.274300009012222
3291.0136 0.271499991416931
3295.0123 0.271800011396408
3299.0111 0.27250000834465
3303.0099 0.276199996471405
3307.0087 0.276800006628036
3311.0075 0.275400012731552
3315.0063 0.275999993085861
3319.0051 0.275999993085861
3323.0039 0.277599990367889
3327.0027 0.277200013399124
3331.0015 0.278400003910065
3335.0003 0.280499994754791
3338.9991 0.278699994087219
3342.9979 0.276800006628036
3346.9967 0.277399986982346
3350.9955 0.27700001001358
3354.9943 0.277599990367889
3358.9931 0.285600006580353
3362.9919 0.281599998474121
3366.9907 0.283399999141693
3370.9895 0.284500002861023
3374.9883 0.279599994421005
3378.9871 0.282599985599518
3382.9859 0.279799997806549
3386.9847 0.279900014400482
3390.9835 0.282700002193451
3394.9823 0.281199991703033
3398.9811 0.278699994087219
3402.9799 0.280900001525879
3406.9787 0.282200008630753
3410.9775 0.282799988985062
3414.9763 0.284299999475479
3418.9751 0.281399995088577
3422.9739 0.284000009298325
3426.9727 0.281899988651276
3430.9715 0.281300008296967
3434.9703 0.283600002527237
3438.9691 0.289600014686584
3442.9679 0.290899991989136
3446.9667 0.285699993371964
3450.9655 0.285800009965897
3454.9643 0.287400007247925
3458.9631 0.289600014686584
3462.9619 0.286799997091293
3466.9607 0.287099987268448
3470.9595 0.288500010967255
3474.9583 0.291299998760223
3478.9571 0.286399990320206
3482.9559 0.288199990987778
3486.9547 0.289200007915497
3490.9535 0.292800009250641
3494.9523 0.290399998426437
3498.9511 0.287900000810623
3502.9499 0.287999987602234
3506.9487 0.290300011634827
3510.9475 0.291299998760223
3514.9463 0.290100008249283
3518.9451 0.291299998760223
3522.9439 0.297300010919571
3526.9427 0.293700009584427
3530.9415 0.291599988937378
3534.9403 0.291900008916855
3538.9391 0.291799992322922
3542.9379 0.292100012302399
3546.9367 0.29229998588562
3550.9355 0.294099986553192
3554.9343 0.294900000095367
3558.9331 0.293900012969971
3562.9319 0.296499997377396
3566.9307 0.301999986171722
3570.9295 0.30009999871254
3574.9283 0.29899999499321
3578.9271 0.3057000041008
3582.9259 0.306300014257431
3586.9247 0.301800012588501
3590.9235 0.296600013971329
3594.9223 0.29679998755455
3598.9211 0.297500014305115
3602.9199 0.302599996328354
3606.9187 0.304500013589859
3610.9175 0.30349999666214
3614.9163 0.302599996328354
3618.9151 0.304399996995926
3622.9139 0.299400001764297
3626.9127 0.300500005483627
3630.9115 0.3057000041008
3634.9103 0.301600009202957
3638.9091 0.301099985837936
3642.9079 0.305299997329712
3646.9067 0.306499987840652
3650.9055 0.302300006151199
3654.9043 0.301099985837936
3658.9031 0.30120000243187
3662.9019 0.302500009536743
3666.9007 0.303299993276596
3670.8995 0.304399996995926
3674.8983 0.305599987506866
3678.8971 0.307599991559982
3682.8959 0.306199997663498
3686.8947 0.307300001382828
3690.8935 0.30460000038147
3694.8923 0.306600004434586
3698.8911 0.307099997997284
3702.8899 0.3125
3706.8887 0.312999993562698
3710.8875 0.307900011539459
3714.8863 0.310600012540817
3718.8851 0.317200005054474
3722.8839 0.3125
3726.8827 0.3125
3730.8815 0.317699998617172
3734.8803 0.321700006723404
3738.8791 0.31580001115799
3742.8779 0.321900010108948
3746.8767 0.322899997234344
3750.8755 0.31479999423027
3754.8743 0.314399987459183
3758.8731 0.320499986410141
3762.8719 0.318699985742569
3766.8707 0.318500012159348
3770.8695 0.316000014543533
3774.8683 0.31580001115799
3778.8671 0.316700011491776
3782.8659 0.317799985408783
3786.8647 0.321000009775162
3790.8635 0.320699989795685
3794.8623 0.322299987077713
3798.8611 0.32039999961853
3802.8599 0.317999988794327
3806.8587 0.321599990129471
3810.8575 0.322800010442734
3814.8563 0.328000009059906
3818.8551 0.327499985694885
3822.8539 0.33050000667572
3826.8527 0.334399998188019
3830.8515 0.333200007677078
3834.8503 0.33390000462532
3838.8491 0.33050000667572
3842.8479 0.324299991130829
3846.8467 0.325300008058548
3850.8455 0.327399998903275
3854.8443 0.329800009727478
3858.8431 0.331999987363815
3862.8419 0.328799992799759
3866.8407 0.331400007009506
3870.8395 0.331699997186661
3874.8383 0.328599989414215
3878.8370 0.332599997520447
3882.8358 0.332599997520447
3886.8346 0.334199994802475
3890.8334 0.331800013780594
3894.8322 0.334300011396408
3898.8310 0.336699992418289
3902.8298 0.336699992418289
3906.8286 0.333700001239777
3910.8274 0.33270001411438
3914.8262 0.335200011730194
3918.8250 0.337199985980988
3922.8238 0.339800000190735
3926.8226 0.348100006580353
3930.8214 0.356799989938736
3934.8202 0.349799990653992
3938.8190 0.342900007963181
3942.8178 0.343899995088577
3946.8166 0.341800004243851
3950.8154 0.341399997472763
3954.8142 0.342900007963181
3958.8130 0.346199989318848
3962.8118 0.355800002813339
3966.8106 0.36039999127388
3970.8094 0.349400013685226
3974.8082 0.343400001525879
3978.8070 0.343300014734268
3982.8058 0.344300001859665
3986.8046 0.34349998831749
3990.8034 0.34349998831749
3994.8022 0.344700008630753
3998.8010 0.345899999141693
4002.7998 0.346799999475479
4006.7986 0.34689998626709
4010.7974 0.345200002193451
4014.7962 0.346300005912781
4018.7950 0.345999985933304
4022.7938 0.346199989318848
4026.7926 0.347799986600876
4030.7914 0.35139998793602
4034.7902 0.350400000810623
4038.7890 0.351999998092651
4042.7878 0.355500012636185
4046.7866 0.35479998588562
4050.7854 0.353199988603592
4054.7842 0.355399996042252
4058.7830 0.355100005865097
4062.7818 0.356700003147125
4066.7806 0.35589998960495
4070.7794 0.358700007200241
4074.7782 0.359499990940094
4078.7770 0.358900010585785
4082.7758 0.357600003480911
4086.7746 0.358300000429153
4090.7734 0.35929998755455
4094.7722 0.362199991941452
4098.7710 0.363299995660782
4102.7698 0.361600011587143
4106.7686 0.360900014638901
4110.7674 0.36379998922348
4114.7662 0.363900005817413
4118.7650 0.365299999713898
4122.7638 0.365700006484985
4126.7626 0.36719998717308
4130.7614 0.367799997329712
4134.7602 0.367900013923645
4138.7590 0.36939999461174
4142.7578 0.37270000576973
4146.7566 0.371300011873245
4150.7554 0.373100012540817
4154.7542 0.372399985790253
4158.7530 0.370999991893768
4162.7518 0.372000008821487
4166.7506 0.374599993228912
4170.7494 0.375400006771088
4174.7482 0.375699996948242
4178.7470 0.376700013875961
4182.7458 0.37830001115799
4186.7446 0.37830001115799
4190.7434 0.378100007772446
4194.7422 0.379999995231628
4198.7410 0.380800008773804
4202.7398 0.378600001335144
4206.7386 0.378899991512299
4210.7374 0.380499988794327
4214.7362 0.381099998950958
4218.7350 0.382999986410141
4222.7338 0.386500000953674
4226.7326 0.387499988079071
4230.7314 0.383799999952316
4234.7302 0.387100011110306
4238.7290 0.384799987077713
4242.7278 0.384900003671646
4246.7266 0.387100011110306
4250.7254 0.388599991798401
4254.7242 0.389299988746643
4258.7230 0.389200001955032
4262.7218 0.388099998235703
4266.7206 0.391400009393692
4270.7194 0.394899994134903
4274.7182 0.391799986362457
4278.7170 0.392399996519089
4282.7158 0.394600003957748
4286.7146 0.394199997186661
4290.7134 0.394600003957748
4294.7122 0.396200001239777
4298.7110 0.400799989700317
4302.7098 0.401399999856949
4306.7086 0.402200013399124
4310.7074 0.397799998521805
4314.7062 0.393500000238419
4318.7050 0.397199988365173
4322.7038 0.400799989700317
4326.7026 0.397100001573563
4330.7014 0.395999997854233
4334.7002 0.39860001206398
4338.6990 0.400400012731552
4342.6978 0.396299988031387
4346.6966 0.398699998855591
4350.6954 0.402200013399124
4354.6942 0.400700002908707
4358.6930 0.401300013065338
4362.6918 0.401600003242493
4366.6906 0.40200001001358
4370.6894 0.403200000524521
4374.6882 0.405099987983704
4378.6870 0.406599998474121
4382.6858 0.411100000143051
4386.6846 0.407000005245209
4390.6834 0.407799988985062
4394.6822 0.407200008630753
4398.6810 0.407900005578995
4402.6798 0.408600002527237
4406.6786 0.406899988651276
4410.6774 0.406800001859665
4414.6762 0.408899992704391
4418.6750 0.407499998807907
4422.6738 0.409900009632111
4426.6726 0.411199986934662
4430.6714 0.412800014019012
4434.6702 0.412999987602234
4438.6690 0.410800009965897
4442.6678 0.412999987602234
4446.6666 0.412800014019012
4450.6654 0.414299994707108
4454.6642 0.416200011968613
4458.6630 0.415899991989136
4462.6617 0.416999995708466
4466.6605 0.416500002145767
4470.6593 0.41609999537468
4474.6581 0.41729998588562
4478.6569 0.418700009584427
4482.6557 0.418700009584427
4486.6545 0.418099999427795
4490.6533 0.419900000095367
4494.6521 0.420100003480911
4498.6509 0.419699996709824
4502.6497 0.420100003480911
4506.6485 0.42059999704361
4510.6473 0.421600013971329
4514.6461 0.422500014305115
4518.6449 0.422699987888336
4522.6437 0.424400001764297
4526.6425 0.426699995994568
4530.6413 0.425599992275238
4534.6401 0.425000011920929
4538.6389 0.424699991941452
4542.6377 0.426600009202957
4546.6365 0.427300006151199
4550.6353 0.427300006151199
4554.6341 0.427700012922287
4558.6329 0.427700012922287
4562.6317 0.427899986505508
4566.6305 0.428000003099442
4570.6293 0.42849999666214
4574.6281 0.429199993610382
4578.6269 0.430900007486343
4582.6257 0.430900007486343
4586.6245 0.4307000041008
4590.6233 0.43189999461174
4594.6221 0.432500004768372
4598.6209 0.432700008153915
4602.6197 0.433400005102158
4606.6185 0.433200001716614
4610.6173 0.43299999833107
4614.6161 0.433899998664856
4618.6149 0.434799998998642
4622.6137 0.435099989175797
4626.6125 0.435499995946884
4630.6113 0.436300009489059
4634.6101 0.437599986791611
4638.6089 0.438400000333786
4642.6077 0.438899993896484
4646.6065 0.440299987792969
4650.6053 0.438899993896484
4654.6041 0.439200013875961
4658.6029 0.439300000667572
4662.6017 0.441700011491776
4666.6005 0.44310000538826
4670.5993 0.441500008106232
4674.5981 0.442099988460541
4678.5969 0.442299991846085
4682.5957 0.442900002002716
4686.5945 0.443599998950958
4690.5933 0.443599998950958
4694.5921 0.443199992179871
4698.5909 0.444499999284744
4702.5897 0.445699989795685
4706.5885 0.445899993181229
4710.5873 0.446000009775162
4714.5861 0.445899993181229
4718.5849 0.445199996232986
4722.5837 0.446599990129471
4726.5825 0.447499990463257
4730.5813 0.447899997234344
4734.5801 0.448300004005432
4738.5789 0.449200004339218
4742.5777 0.448300004005432
4746.5765 0.44760000705719
4750.5753 0.448000013828278
4754.5741 0.449099987745285
4758.5729 0.44980001449585
4762.5717 0.451299995183945
4766.5705 0.451400011777878
4770.5693 0.451200008392334
4774.5681 0.451299995183945
4778.5669 0.451999992132187
4782.5657 0.453299999237061
4786.5645 0.453900009393692
4790.5633 0.453700006008148
4794.5621 0.453399986028671
4798.5609 0.45440000295639
4802.5597 0.454100012779236
4806.5585 0.455099999904633
4810.5573 0.454800009727478
4814.5561 0.454600006341934
4818.5549 0.454800009727478
4822.5537 0.455799996852875
4826.5525 0.455000013113022
4830.5513 0.454800009727478
4834.5501 0.453900009393692
4838.5489 0.454100012779236
4842.5477 0.452800005674362
4846.5465 0.450899988412857
4850.5453 0.451299995183945
4854.5441 0.453999996185303
4858.5429 0.454199999570847
4862.5417 0.45550000667572
4866.5405 0.457399994134903
4870.5393 0.461199998855591
4874.5381 0.460200011730194
4878.5369 0.461699992418289
4882.5357 0.46340000629425
4886.5345 0.464599996805191
4890.5333 0.465400010347366
4894.5321 0.46399998664856
4898.5309 0.464599996805191
4902.5297 0.465000003576279
4906.5285 0.465099990367889
4910.5273 0.466500014066696
4914.5261 0.467000007629395
4918.5249 0.470499992370605
4922.5237 0.468199998140335
4926.5225 0.468400001525879
4930.5213 0.469399988651276
4934.5201 0.469599992036819
4938.5189 0.469399988651276
4942.5177 0.468300014734268
4946.5165 0.46900001168251
4950.5153 0.469900012016296
4954.5141 0.470999985933304
4958.5129 0.47189998626709
4962.5117 0.471500009298325
4966.5105 0.472600013017654
4970.5093 0.47189998626709
4974.5081 0.472699999809265
4978.5069 0.474000006914139
4982.5057 0.474500000476837
4986.5045 0.472900003194809
4990.5033 0.473899990320206
4994.5021 0.473899990320206
4998.5009 0.474500000476837
5002.4997 0.474299997091293
5006.4985 0.475300014019012
5010.4973 0.475800007581711
5014.4961 0.477299988269806
5018.4949 0.476700007915497
5022.4937 0.476599991321564
5026.4925 0.47639998793602
5030.4913 0.476000010967255
5034.4901 0.476999998092651
5038.4889 0.477400004863739
5042.4877 0.478100001811981
5046.4864 0.477800011634827
5050.4852 0.478799998760223
5054.4840 0.477299988269806
5058.4828 0.478199988603592
5062.4816 0.478100001811981
5066.4804 0.478500008583069
5070.4792 0.47859999537468
5074.4780 0.479400008916855
5078.4768 0.479999989271164
5082.4756 0.479900002479553
5086.4744 0.479499995708466
5090.4732 0.480100005865097
5094.4720 0.480199992656708
5098.4708 0.481799989938736
5102.4696 0.480800002813339
5106.4684 0.482199996709824
5110.4672 0.481700003147125
5114.4660 0.482300013303757
5118.4648 0.483700007200241
5122.4636 0.484800010919571
5126.4624 0.485000014305115
5130.4612 0.485199987888336
5134.4600 0.485900014638901
5138.4588 0.487800002098083
5142.4576 0.488299995660782
5146.4564 0.488599985837936
5150.4552 0.488400012254715
5154.4540 0.488099992275238
5158.4528 0.488000005483627
5162.4516 0.48989999294281
5166.4504 0.49439999461174
5170.4492 0.494300007820129
5174.4480 0.494100004434586
5178.4468 0.492900013923645
5182.4456 0.496300011873245
5186.4444 0.492000013589859
5190.4432 0.492000013589859
5194.4420 0.490299999713898
5198.4408 0.490299999713898
5202.4396 0.492399990558624
5206.4384 0.493099987506866
5210.4372 0.491699993610382
5214.4360 0.491899996995926
5218.4348 0.491499990224838
5222.4336 0.491499990224838
5226.4324 0.494199991226196
5230.4312 0.492700010538101
5234.4300 0.493499994277954
5238.4288 0.492000013589859
5242.4276 0.492700010538101
5246.4264 0.49329999089241
5250.4252 0.494100004434586
5254.4240 0.494500011205673
5258.4228 0.494800001382828
5262.4216 0.497599989175797
5266.4204 0.498800009489059
5270.4192 0.499799996614456
5274.4180 0.49889999628067
5278.4168 0.497900009155273
5282.4156 0.498100012540817
5286.4144 0.496300011873245
5290.4132 0.496399998664856
5294.4120 0.496399998664856
5298.4108 0.497599989175797
5302.4096 0.497299998998642
5306.4084 0.497399985790253
5310.4072 0.49669998884201
5314.4060 0.49669998884201
5318.4048 0.497299998998642
5322.4036 0.49889999628067
5326.4024 0.500199973583221
5330.4012 0.499599993228912
5334.4000 0.499000012874603
5338.3988 0.499000012874603
5342.3976 0.499199986457825
5346.3964 0.499399989843369
5350.3952 0.499399989843369
5354.3940 0.498699992895126
5358.3928 0.497099995613098
5362.3916 0.4966000020504
5366.3904 0.497000008821487
5370.3892 0.498499989509583
5374.3880 0.496899992227554
5378.3868 0.495799988508224
5382.3856 0.495000004768372
5386.3844 0.49439999461174
5390.3832 0.493999987840652
5394.3820 0.492000013589859
5398.3808 0.490700006484985
5402.3796 0.488599985837936
5406.3784 0.487399995326996
5410.3772 0.484100013971329
5414.3760 0.481099992990494
5418.3748 0.478799998760223
5422.3736 0.478500008583069
5426.3724 0.478500008583069
5430.3712 0.479499995708466
5434.3700 0.480199992656708
5438.3688 0.482600003480911
5442.3676 0.485599994659424
5446.3664 0.490200012922287
5450.3652 0.492799997329712
5454.3640 0.49770000576973
5458.3628 0.499300003051758
5462.3616 0.502300024032593
5466.3604 0.503000020980835
5470.3592 0.504999995231628
5474.3580 0.507000029087067
5478.3568 0.508400022983551
5482.3556 0.509100019931793
5486.3544 0.507799983024597
5490.3532 0.505699992179871
5494.3520 0.503000020980835
5498.3508 0.5
5502.3496 0.498499989509583
5506.3484 0.499799996614456
5510.3472 0.503000020980835
5514.3460 0.505999982357025
5518.3448 0.504199981689453
5522.3436 0.499799996614456
5526.3424 0.499599993228912
5530.3412 0.502799987792969
5534.3400 0.505200028419495
5538.3388 0.506099998950958
5542.3376 0.507099986076355
5546.3364 0.508300006389618
5550.3352 0.50900000333786
5554.3340 0.510500013828278
5558.3328 0.511500000953674
5562.3316 0.513100028038025
5566.3304 0.513999998569489
5570.3292 0.514500021934509
5574.3280 0.51529997587204
5578.3268 0.515900015830994
5582.3256 0.515799999237061
5586.3244 0.516300022602081
5590.3232 0.517000019550323
5594.3220 0.518599987030029
5598.3208 0.518100023269653
5602.3196 0.518899977207184
5606.3184 0.518999993801117
5610.3172 0.518499970436096
5614.3160 0.518100023269653
5618.3148 0.518899977207184
5622.3136 0.519299983978271
5626.3123 0.519900023937225
5630.3111 0.519999980926514
5634.3099 0.519500017166138
5638.3087 0.519599974155426
5642.3075 0.521099984645844
5646.3063 0.521000027656555
5650.3051 0.521000027656555
5654.3039 0.52020001411438
5658.3027 0.520299971103668
5662.3015 0.520600020885468
5666.3003 0.520500004291534
5670.2991 0.52020001411438
5674.2979 0.519500017166138
5678.2967 0.51800000667572
5682.2955 0.51690000295639
5686.2943 0.516200006008148
5690.2931 0.516700029373169
5694.2919 0.517400026321411
5698.2907 0.517700016498566
5702.2895 0.518599987030029
5706.2883 0.518299996852875
5710.2871 0.518400013446808
5714.2859 0.518400013446808
5718.2847 0.517899990081787
5722.2835 0.516600012779236
5726.2823 0.515900015830994
5730.2811 0.515200018882751
5734.2799 0.515100002288818
5738.2787 0.514800012111664
5742.2775 0.51419997215271
5746.2763 0.513800024986267
5750.2751 0.513400018215179
5754.2739 0.51419997215271
5758.2727 0.513700008392334
5762.2715 0.514400005340576
5766.2703 0.514999985694885
5770.2691 0.515200018882751
5774.2679 0.515399992465973
5778.2667 0.516200006008148
5782.2655 0.517599999904633
5786.2643 0.518999993801117
5790.2631 0.519400000572205
5794.2619 0.519699990749359
5798.2607 0.521700024604797
5802.2595 0.521799981594086
5806.2583 0.522300004959106
5810.2571 0.522800028324127
5814.2559 0.523699998855591
5818.2547 0.524699985980988
5822.2535 0.524900019168854
5826.2523 0.524699985980988
5830.2511 0.524399995803833
5834.2499 0.524399995803833
5838.2487 0.524999976158142
5842.2475 0.524500012397766
5846.2463 0.523999989032745
5850.2451 0.524200022220612
5854.2439 0.5242999792099
5858.2427 0.524500012397766
5862.2415 0.524399995803833
5866.2403 0.5242999792099
5870.2391 0.523500025272369
5874.2379 0.522000014781952
5878.2367 0.520299971103668
5882.2355 0.520799994468689
5886.2343 0.518400013446808
5890.2331 0.519900023937225
5894.2319 0.519599974155426
5898.2307 0.521700024604797
5902.2295 0.522000014781952
5906.2283 0.521600008010864
5910.2271 0.520099997520447
5914.2259 0.519599974155426
5918.2247 0.519500017166138
5922.2235 0.519999980926514
5926.2223 0.52020001411438
5930.2211 0.520600020885468
5934.2199 0.520799994468689
5938.2187 0.519500017166138
5942.2175 0.517300009727478
5946.2163 0.51639997959137
5950.2151 0.518100023269653
5954.2139 0.518499970436096
5958.2127 0.518199980258942
5962.2115 0.518199980258942
5966.2103 0.518599987030029
5970.2091 0.518599987030029
5974.2079 0.518100023269653
5978.2067 0.518999993801117
5982.2055 0.519999980926514
5986.2043 0.519999980926514
5990.2031 0.519900023937225
5994.2019 0.520099997520447
5998.2007 0.521200001239777
6002.1995 0.522499978542328
6006.1983 0.523100018501282
6010.1971 0.523000001907349
6014.1959 0.522800028324127
6018.1947 0.521700024604797
6022.1935 0.521000027656555
6026.1923 0.520099997520447
6030.1911 0.519500017166138
6034.1899 0.519599974155426
6038.1887 0.520600020885468
6042.1875 0.522000014781952
6046.1863 0.523100018501282
6050.1851 0.52240002155304
6054.1839 0.520399987697601
6058.1827 0.519699990749359
6062.1815 0.519400000572205
6066.1803 0.519599974155426
6070.1791 0.520099997520447
6074.1779 0.519900023937225
6078.1767 0.519400000572205
6082.1755 0.518599987030029
6086.1743 0.518499970436096
6090.1731 0.518499970436096
6094.1719 0.518700003623962
6098.1707 0.517499983310699
6102.1695 0.516600012779236
6106.1683 0.514999985694885
6110.1671 0.514100015163422
6114.1659 0.512399971485138
6118.1647 0.509700000286102
6122.1635 0.50629997253418
6126.1623 0.501500010490417
6130.1611 0.496100008487701
6134.1599 0.488099992275238
6138.1587 0.483300000429153
6142.1575 0.478799998760223
6146.1563 0.474999994039536
6150.1551 0.472699999809265
6154.1539 0.469599992036819
6158.1527 0.46399998664856
6162.1515 0.462099999189377
6166.1503 0.459300011396408
6170.1491 0.45320001244545
6174.1479 0.442299991846085
6178.1467 0.432700008153915
6182.1455 0.425999999046326
6186.1443 0.423700004816055
6190.1431 0.42289999127388
6194.1419 0.423599988222122
6198.1407 0.425500005483627
6202.1395 0.429399996995926
6206.1383 0.43520000576973
6210.1370 0.438400000333786
6214.1358 0.442799985408783
6218.1346 0.450500011444092
6222.1334 0.458700001239777
6226.1322 0.463800013065338
6230.1310 0.469599992036819
6234.1298 0.476700007915497
6238.1286 0.483999997377396
6242.1274 0.488400012254715
6246.1262 0.494199991226196
6250.1250 0.49770000576973
6254.1238 0.501200020313263
6258.1226 0.505100011825562
6262.1214 0.508899986743927
6266.1202 0.511099994182587
6270.1190 0.512099981307983
6274.1178 0.510999977588654
6278.1166 0.510800004005432
6282.1154 0.513400018215179
6286.1142 0.516200006008148
6290.1130 0.517300009727478
6294.1118 0.518499970436096
6298.1106 0.518800020217896
6302.1094 0.520900011062622
6306.1082 0.52240002155304
6310.1070 0.522300004959106
6314.1058 0.520500004291534
6318.1046 0.520799994468689
6322.1034 0.522000014781952
6326.1022 0.52209997177124
6330.1010 0.521499991416931
6334.0998 0.520399987697601
6338.0986 0.520699977874756
6342.0974 0.520600020885468
6346.0962 0.520500004291534
6350.0950 0.52020001411438
6354.0938 0.520299971103668
6358.0926 0.519500017166138
6362.0914 0.519800007343292
6366.0902 0.519299983978271
6370.0890 0.518899977207184
6374.0878 0.518899977207184
6378.0866 0.518899977207184
6382.0854 0.518299996852875
6386.0842 0.518199980258942
6390.0830 0.51639997959137
6394.0818 0.516200006008148
6398.0806 0.515600025653839
6402.0794 0.516300022602081
6406.0782 0.515600025653839
6410.0770 0.51419997215271
6414.0758 0.512600004673004
6418.0746 0.509599983692169
6422.0734 0.507300019264221
6426.0722 0.503000020980835
6430.0710 0.497900009155273
6434.0698 0.490299999713898
6438.0686 0.483500003814697
6442.0674 0.477899998426437
6446.0662 0.474700003862381
6450.0650 0.477899998426437
6454.0638 0.485599994659424
6458.0626 0.494100004434586
6462.0614 0.49779999256134
6466.0602 0.492000013589859
6470.0590 0.478899985551834
6474.0578 0.472799986600876
6478.0566 0.479699999094009
6482.0554 0.48759999871254
6486.0542 0.489600002765656
6490.0530 0.490000009536743
6494.0518 0.4932000041008
6498.0506 0.496499985456467
6502.0494 0.499099999666214
6506.0482 0.5
6510.0470 0.499799996614456
6514.0458 0.501299977302551
6518.0446 0.504100024700165
6522.0434 0.505699992179871
6526.0422 0.508199989795685
6530.0410 0.508599996566772
6534.0398 0.508800029754639
6538.0386 0.508899986743927
6542.0374 0.508599996566772
6546.0362 0.509400010108948
6550.0350 0.509999990463257
6554.0338 0.509999990463257
6558.0326 0.506699979305267
6562.0314 0.510900020599365
6566.0302 0.51230001449585
6570.0290 0.511900007724762
6574.0278 0.510999977588654
6578.0266 0.510399997234344
6582.0254 0.510699987411499
6586.0242 0.510699987411499
6590.0230 0.509100019931793
6594.0218 0.510500013828278
6598.0206 0.510999977588654
6602.0194 0.510500013828278
6606.0182 0.510399997234344
6610.0170 0.510699987411499
6614.0158 0.509700000286102
6618.0146 0.508700013160706
6622.0134 0.506600022315979
6626.0122 0.506200015544891
6630.0110 0.505599975585938
6634.0098 0.507300019264221
6638.0086 0.505900025367737
6642.0074 0.504700005054474
6646.0062 0.505699992179871
6650.0050 0.505699992179871
6654.0038 0.504299998283386
6658.0026 0.501200020313263
6662.0014 0.499700009822845
6666.0002 0.499799996614456
6669.9990 0.500800013542175
6673.9978 0.50110000371933
6677.9966 0.502699971199036
6681.9954 0.503499984741211
6685.9942 0.503600001335144
6689.9930 0.504400014877319
6693.9918 0.505699992179871
6697.9906 0.508199989795685
6701.9894 0.510900020599365
6705.9882 0.513599991798401
6709.9870 0.513700008392334
6713.9858 0.514100015163422
6717.9846 0.516700029373169
6721.9834 0.518299996852875
6725.9822 0.521399974822998
6729.9810 0.523599982261658
6733.9798 0.523999989032745
6737.9786 0.523800015449524
6741.9774 0.524399995803833
6745.9762 0.525799989700317
6749.9750 0.528699994087219
6753.9738 0.530399978160858
6757.9726 0.531300008296967
6761.9714 0.530499994754791
6765.9702 0.529500007629395
6769.9690 0.529900014400482
6773.9678 0.531199991703033
6777.9666 0.532000005245209
6781.9654 0.532100021839142
6785.9642 0.5310999751091
6789.9630 0.527700006961823
6793.9617 0.525799989700317
6797.9605 0.525600016117096
6801.9593 0.526000022888184
6805.9581 0.526600003242493
6809.9569 0.525799989700317
6813.9557 0.52319997549057
6817.9545 0.518899977207184
6821.9533 0.515699982643127
6825.9521 0.515200018882751
6829.9509 0.517799973487854
6833.9497 0.519699990749359
6837.9485 0.519500017166138
6841.9473 0.520299971103668
6845.9461 0.519900023937225
6849.9449 0.518899977207184
6853.9437 0.52020001411438
6857.9425 0.522899985313416
6861.9413 0.521899998188019
6865.9401 0.514800012111664
6869.9389 0.519299983978271
6873.9377 0.523899972438812
6877.9365 0.524999976158142
6881.9353 0.520299971103668
6885.9341 0.522000014781952
6889.9329 0.523500025272369
6893.9317 0.524600028991699
6897.9305 0.524200022220612
6901.9293 0.521399974822998
6905.9281 0.52020001411438
6909.9269 0.518899977207184
6913.9257 0.519500017166138
6917.9245 0.519699990749359
6921.9233 0.516499996185303
6925.9221 0.513999998569489
6929.9209 0.511799991130829
6933.9197 0.511099994182587
6937.9185 0.510900020599365
6941.9173 0.511699974536896
6945.9161 0.51230001449585
6949.9149 0.510399997234344
6953.9137 0.50789999961853
6957.9125 0.505299985408783
6961.9113 0.502799987792969
6965.9101 0.500800013542175
6969.9089 0.499900013208389
6973.9077 0.498499989509583
6977.9065 0.498100012540817
6981.9053 0.494300007820129
6985.9041 0.489499986171722
6989.9029 0.484200000762939
6993.9017 0.479000002145767
6997.9005 0.475499987602234
7001.8993 0.472600013017654
7005.8981 0.471100002527237
7009.8969 0.466600000858307
7013.8957 0.462500005960464
7017.8945 0.46000000834465
7021.8933 0.458000004291534
7025.8921 0.463200002908707
7029.8909 0.467299997806549
7033.8897 0.467799991369247
7037.8885 0.465000003576279
7041.8873 0.460099995136261
7045.8861 0.460999995470047
7049.8849 0.467200011014938
7053.8837 0.474400013685226
7057.8825 0.476799994707108
7061.8813 0.47639998793602
7065.8801 0.475800007581711
7069.8789 0.477100014686584
7073.8777 0.479699999094009
7077.8765 0.484200000762939
7081.8753 0.487399995326996
7085.8741 0.489800006151199
7089.8729 0.489199995994568
7093.8717 0.488099992275238
7097.8705 0.488000005483627
7101.8693 0.490500003099442
7105.8681 0.494800001382828
7109.8669 0.497900009155273
7113.8657 0.498800009489059
7117.8645 0.497099995613098
7121.8633 0.495999991893768
7125.8621 0.49439999461174
7129.8609 0.496499985456467
7133.8597 0.499300003051758
7137.8585 0.5
7141.8573 0.498600006103516
7145.8561 0.494500011205673
7149.8549 0.48879998922348
7153.8537 0.480199992656708
7157.8525 0.471399992704391
7161.8513 0.460599988698959
7165.8501 0.451499998569489
7169.8489 0.437700003385544
7173.8477 0.426499992609024
7177.8465 0.415899991989136
7181.8453 0.403699994087219
7185.8441 0.397700011730194
7189.8429 0.385800004005432
7193.8417 0.371899992227554
7197.8405 0.35589998960495
7201.8393 0.34689998626709
7205.8381 0.34400001168251
7209.8369 0.339399993419647
7213.8357 0.332500010728836
7217.8345 0.328999996185303
7221.8333 0.32710000872612
7225.8321 0.319599986076355
7229.8309 0.303999990224838
7233.8297 0.290699988603592
7237.8285 0.277300000190735
7241.8273 0.266000002622604
7245.8261 0.246999993920326
7249.8249 0.227899998426437
7253.8237 0.216900005936623
7257.8225 0.216800004243851
7261.8213 0.222299993038177
7265.8201 0.214100003242493
7269.8189 0.199000000953674
7273.8177 0.197799995541573
7277.8165 0.209399998188019
7281.8153 0.228900000452995
7285.8141 0.243300005793571
7289.8129 0.247400000691414
7293.8117 0.250499993562698
7297.8105 0.256500005722046
7301.8093 0.26910001039505
7305.8081 0.284299999475479
7309.8069 0.301400005817413
7313.8057 0.31360000371933
7317.8045 0.322800010442734
7321.8033 0.326700001955032
7325.8021 0.330799996852875
7329.8009 0.338899999856949
7333.7997 0.353700011968613
7337.7985 0.365000009536743
7341.7973 0.376500010490417
7345.7961 0.389200001955032
7349.7949 0.396699994802475
7353.7937 0.40599998831749
7357.7925 0.420500010251999
7361.7913 0.427599996328354
7365.7901 0.428999990224838
7369.7889 0.435400009155273
7373.7877 0.443800002336502
7377.7864 0.450199991464615
7381.7852 0.456800013780594
7385.7840 0.464300006628036
7389.7828 0.470800012350082
7393.7816 0.476300001144409
7397.7804 0.480699986219406
7401.7792 0.484400004148483
7405.7780 0.487300008535385
7409.7768 0.492500007152557
7413.7756 0.494899988174438
7417.7744 0.495999991893768
7421.7732 0.498299986124039
7425.7720 0.499799996614456
7429.7708 0.502300024032593
7433.7696 0.504999995231628
7437.7684 0.506399989128113
7441.7672 0.5067999958992
7445.7660 0.507300019264221
7449.7648 0.50629997253418
7453.7636 0.506200015544891
7457.7624 0.506099998950958
7461.7612 0.508599996566772
7465.7600 0.508099973201752
7469.7588 0.507099986076355
7473.7576 0.507300019264221
7477.7564 0.506399989128113
7481.7552 0.505100011825562
7485.7540 0.504700005054474
7489.7528 0.504000008106232
7493.7516 0.504899978637695
7497.7504 0.504400014877319
7501.7492 0.503799974918365
7505.7480 0.503199994564056
7509.7468 0.503600001335144
7513.7456 0.503700017929077
7517.7444 0.502300024032593
7521.7432 0.501600027084351
7525.7420 0.499799996614456
7529.7408 0.499099999666214
7533.7396 0.499500006437302
7537.7384 0.497200012207031
7541.7372 0.494300007820129
7545.7360 0.493900001049042
7549.7348 0.493499994277954
7553.7336 0.493699997663498
7557.7324 0.492300003767014
7561.7312 0.490099996328354
7565.7300 0.487300008535385
7569.7288 0.483700007200241
7573.7276 0.480399996042252
7577.7264 0.47859999537468
7581.7252 0.47639998793602
7585.7240 0.478799998760223
7589.7228 0.475400000810623
7593.7216 0.470499992370605
7597.7204 0.461499989032745
7601.7192 0.457399994134903
7605.7180 0.45210000872612
7609.7168 0.447299987077713
7613.7156 0.453900009393692
7617.7144 0.445800006389618
7621.7132 0.450800001621246
7625.7120 0.450399994850159
7629.7108 0.450300008058548
7633.7096 0.452699989080429
7637.7084 0.45440000295639
7641.7072 0.453299999237061
7645.7060 0.451799988746643
7649.7048 0.449600011110306
7653.7036 0.450399994850159
7657.7024 0.455000013113022
7661.7012 0.454199999570847
7665.7000 0.45100000500679
7669.6988 0.448399990797043
7673.6976 0.451400011777878
7677.6964 0.455399990081787
7681.6952 0.455900013446808
7685.6940 0.453999996185303
7689.6928 0.456000000238419
7693.6916 0.457199990749359
7697.6904 0.460399985313416
7701.6892 0.461299985647202
7705.6880 0.460799992084503
7709.6868 0.459199994802475
7713.6856 0.455900013446808
7717.6844 0.455300003290176
7721.6832 0.456800013780594
7725.6820 0.453700006008148
7729.6808 0.449499994516373
7733.6796 0.448599994182587
7737.6784 0.450899988412857
7741.6772 0.454199999570847
7745.6760 0.453099995851517
7749.6748 0.451299995183945
7753.6736 0.447299987077713
7757.6724 0.444000005722046
7761.6712 0.441599994897842
7765.6700 0.441700011491776
7769.6688 0.442299991846085
7773.6676 0.441100001335144
7777.6664 0.436800003051758
7781.6652 0.432700008153915
7785.6640 0.425700008869171
7789.6628 0.419400006532669
7793.6616 0.410699993371964
7797.6604 0.405400007963181
7801.6592 0.396800011396408
7805.6580 0.386900007724762
7809.6568 0.383799999952316
7813.6556 0.383199989795685
7817.6544 0.381399989128113
7821.6532 0.377000004053116
7825.6520 0.368600010871887
7829.6508 0.358599990606308
7833.6496 0.346700012683868
7837.6484 0.336499989032745
7841.6472 0.340000003576279
7845.6460 0.349299997091293
7849.6448 0.349799990653992
7853.6436 0.340799987316132
7857.6424 0.331200003623962
7861.6412 0.324999988079071
7865.6400 0.324699997901917
7869.6388 0.332300007343292
7873.6376 0.337000012397766
7877.6364 0.339899986982346
7881.6352 0.340299993753433
7885.6340 0.338600009679794
7889.6328 0.339399993419647
7893.6316 0.34060001373291
7897.6304 0.344900012016296
7901.6292 0.348100006580353
7905.6280 0.342500001192093
7909.6268 0.334100008010864
7913.6256 0.325899988412857
7917.6244 0.323399990797043
7921.6232 0.327399998903275
7925.6220 0.331099987030029
7929.6208 0.337099999189377
7933.6196 0.344900012016296
7937.6184 0.346799999475479
7941.6172 0.342099994421005
7945.6160 0.340799987316132
7949.6148 0.340900003910065
7953.6136 0.341399997472763
7957.6124 0.342400014400482
7961.6111 0.345600008964539
7965.6099 0.342700004577637
7969.6087 0.33840000629425
7973.6075 0.340099990367889
7977.6063 0.342900007963181
7981.6051 0.344599992036819
7985.6039 0.346599996089935
7989.6027 0.349000006914139
7993.6015 0.356299996376038
7997.6003 0.362500011920929
8001.5991 0.363900005817413
8005.5979 0.371800005435944
8009.5967 0.379200011491776
8013.5955 0.374599993228912
8017.5943 0.373400002717972
8021.5931 0.380800008773804
8025.5919 0.386799991130829
8029.5907 0.390799999237061
8033.5895 0.395300000905991
8037.5883 0.396499991416931
8041.5871 0.39640000462532
8045.5859 0.40200001001358
8049.5847 0.404799997806549
8053.5835 0.406800001859665
8057.5823 0.410400003194809
8061.5811 0.415100008249283
8065.5799 0.420500010251999
8069.5787 0.425300002098083
8073.5775 0.426899999380112
8077.5763 0.427700012922287
8081.5751 0.429199993610382
8085.5739 0.428099989891052
8089.5727 0.423700004816055
8093.5715 0.425399988889694
8097.5703 0.42849999666214
8101.5691 0.429800003767014
8105.5679 0.430299997329712
8109.5667 0.431800007820129
8113.5655 0.435499995946884
8117.5643 0.4375
8121.5631 0.438699990510941
8125.5619 0.438699990510941
8129.5607 0.439300000667572
8133.5595 0.443399995565414
8137.5583 0.444700002670288
8141.5571 0.44650000333786
8145.5559 0.444400012493134
8149.5547 0.443199992179871
8153.5535 0.446900010108948
8157.5523 0.447100013494492
8161.5511 0.45210000872612
8165.5499 0.452199995517731
8169.5487 0.45770001411438
8173.5475 0.455599993467331
8177.5463 0.459699988365173
8181.5451 0.459100008010864
8185.5439 0.461299985647202
8189.5427 0.461299985647202
8193.5415 0.462500005960464
8197.5403 0.467000007629395
8201.5391 0.469700008630753
8205.5379 0.471799999475479
8209.5367 0.472600013017654
8213.5355 0.472499996423721
8217.5343 0.472600013017654
8221.5331 0.471700012683868
8225.5319 0.469799995422363
8229.5307 0.473100006580353
8233.5295 0.474500000476837
8237.5283 0.475699990987778
8241.5271 0.478399991989136
8245.5259 0.477400004863739
8249.5247 0.476599991321564
8253.5235 0.474000006914139
8257.5223 0.474000006914139
8261.5211 0.475699990987778
8265.5199 0.478399991989136
8269.5187 0.476900011301041
8273.5175 0.478100001811981
8277.5163 0.478899985551834
8281.5151 0.480599999427795
8285.5139 0.479400008916855
8289.5127 0.478799998760223
8293.5115 0.479099988937378
8297.5103 0.479200005531311
8301.5091 0.481599986553192
8305.5079 0.483900010585785
8309.5067 0.484400004148483
8313.5055 0.48309999704361
8317.5043 0.481499999761581
8321.5031 0.480300009250641
8325.5019 0.477400004863739
8329.5007 0.474799990653992
8333.4995 0.471100002527237
8337.4983 0.468800008296967
8341.4971 0.465200006961823
8345.4959 0.458700001239777
8349.4947 0.450399994850159
8353.4935 0.441100001335144
8357.4923 0.432900011539459
8361.4911 0.42399999499321
8365.4899 0.418300002813339
8369.4887 0.412699997425079
8373.4875 0.40939998626709
8377.4863 0.399599999189377
8381.4851 0.384600013494492
8385.4839 0.377099990844727
8389.4827 0.384700000286102
8393.4815 0.395999997854233
8397.4803 0.402599990367889
8401.4791 0.397700011730194
8405.4779 0.384299993515015
8409.4767 0.365700006484985
8413.4755 0.354999989271164
8417.4743 0.36039999127388
8421.4731 0.384299993515015
8425.4719 0.413700014352798
8429.4707 0.420100003480911
8433.4695 0.41389998793602
8437.4683 0.402700006961823
8441.4671 0.396100014448166
8445.4659 0.402999997138977
8449.4647 0.415100008249283
8453.4635 0.424299985170364
8457.4623 0.430099993944168
8461.4611 0.432300001382828
8465.4599 0.433099985122681
8469.4587 0.432700008153915
8473.4575 0.430999994277954
8477.4563 0.432599991559982
8481.4551 0.43529999256134
8485.4539 0.43970000743866
8489.4527 0.4442999958992
8493.4515 0.441199988126755
8497.4503 0.440600007772446
8501.4491 0.433400005102158
8505.4479 0.432200014591217
8509.4467 0.427899986505508
8513.4455 0.423799991607666
8517.4443 0.41839998960495
8521.4431 0.411199986934662
8525.4419 0.406100004911423
8529.4407 0.396899998188019
8533.4395 0.388300001621246
8537.4383 0.381300002336502
8541.4370 0.375699996948242
8545.4358 0.359699994325638
8549.4346 0.358999997377396
8553.4334 0.356900006532669
8557.4322 0.344399988651276
8561.4310 0.328399986028671
8565.4298 0.314900010824203
8569.4286 0.298299998044968
8573.4274 0.283199995756149
8577.4262 0.273900002241135
8581.4250 0.268099993467331
8585.4238 0.265399992465973
8589.4226 0.25789999961853
8593.4214 0.246999993920326
8597.4202 0.233600005507469
8601.4190 0.213899999856949
8605.4178 0.199399992823601
8609.4166 0.188899993896484
8613.4154 0.178299993276596
8617.4142 0.167699992656708
8621.4130 0.165000006556511
8625.4118 0.171900004148483
8629.4106 0.175600007176399
8633.4094 0.16949999332428
8637.4082 0.167500004172325
8641.4070 0.174600005149841
8645.4058 0.178700000047684
8649.4046 0.177799999713898
8653.4034 0.184200003743172
8657.4022 0.195600003004074
8661.4010 0.200499996542931
8665.3998 0.195099994540215
8669.3986 0.201800003647804
8673.3974 0.215499997138977
8677.3962 0.233500003814697
8681.3950 0.245100006461143
8685.3938 0.253600001335144
8689.3926 0.261400014162064
8693.3914 0.264200001955032
8697.3902 0.267599999904633
8701.3890 0.268999993801117
8705.3878 0.275400012731552
8709.3866 0.286799997091293
8713.3854 0.299299985170364
8717.3842 0.31020000576973
8721.3830 0.316100001335144
8725.3818 0.32030001282692
8729.3806 0.327899992465973
8733.3794 0.331400007009506
8737.3782 0.327600002288818
8741.3770 0.323300004005432
8745.3758 0.324299991130829
8749.3746 0.326099991798401
8753.3734 0.32490000128746
8757.3722 0.321700006723404
8761.3710 0.318199992179871
8765.3698 0.314399987459183
8769.3686 0.309300005435944
8773.3674 0.302300006151199
8777.3662 0.292100012302399
8781.3650 0.286399990320206
8785.3638 0.274300009012222
8789.3626 0.250299990177155
8793.3614 0.216000005602837
8797.3602 0.175200000405312
8801.3590 0.143099993467331
8805.3578 0.1266999989748
8809.3566 0.105400003492832
8813.3554 0.0758000016212463
8817.3542 0.0537000000476837
8821.3530 0.043699998408556
8825.3518 0.0386999994516373
8829.3506 0.0342000015079975
8833.3494 0.0318999998271465
8837.3482 0.0350000001490116
8841.3470 0.0438000001013279
8845.3458 0.0560000017285347
8849.3446 0.061999998986721
8853.3434 0.0597000010311604
8857.3422 0.0555000007152557
8861.3410 0.0463000014424324
8865.3398 0.0308999996632338
8869.3386 0.0205000005662441
8873.3374 0.0208000000566244
8877.3362 0.0258000008761883
8881.3350 0.0322999991476536
8885.3338 0.0392999984323978
8889.3326 0.0412999987602234
8893.3314 0.0427000001072884
8897.3302 0.0450000017881393
8901.3290 0.0425000004470348
8905.3278 0.0414000004529953
8909.3266 0.0412000007927418
8913.3254 0.0427000001072884
8917.3242 0.0474000014364719
8921.3230 0.0476999990642071
8925.3218 0.0465000011026859
8929.3206 0.0467000007629395
8933.3194 0.0421999990940094
8937.3182 0.0377999991178513
8941.3170 0.0386999994516373
8945.3158 0.0408000014722347
8949.3146 0.0414000004529953
8953.3134 0.0399000011384487
8957.3122 0.0403000004589558
8961.3110 0.0478999987244606
8965.3098 0.0599000006914139
8969.3086 0.0709000006318092
8973.3074 0.0756999999284744
8977.3062 0.0741999968886375
8981.3050 0.0728000029921532
8985.3038 0.0697999969124794
8989.3026 0.0703999996185303
8993.3014 0.0729999989271164
8997.3002 0.0793000012636185
9001.2990 0.0878999978303909
9005.2978 0.0957999974489212
9009.2966 0.104000002145767
9013.2954 0.112700000405312
9017.2942 0.123800002038479
9021.2930 0.132599994540215
9025.2918 0.14190000295639
9029.2906 0.155100002884865
9033.2894 0.172700002789497
9037.2882 0.188400000333786
9041.2870 0.195700004696846
9045.2858 0.200599998235703
9049.2846 0.216900005936623
9053.2834 0.235200002789497
9057.2822 0.245600000023842
9061.2810 0.25670000910759
9065.2798 0.26910001039505
9069.2786 0.285199999809265
9073.2774 0.29789999127388
9077.2762 0.307500004768372
9081.2750 0.314999997615814
9085.2738 0.324499994516373
9089.2726 0.337799996137619
9093.2714 0.346199989318848
9097.2702 0.348699986934662
9101.2690 0.346799999475479
9105.2678 0.343600004911423
9109.2666 0.337799996137619
9113.2654 0.336299985647202
9117.2642 0.341699987649918
9121.2630 0.341600000858307
9125.2617 0.337999999523163
9129.2605 0.337700009346008
9133.2593 0.344900012016296
9137.2581 0.355100005865097
9141.2569 0.359800010919571
9145.2557 0.362500011920929
9149.2545 0.363400012254715
9153.2533 0.365200012922287
9157.2521 0.360700011253357
9161.2509 0.358700007200241
9165.2497 0.364600002765656
9169.2485 0.373400002717972
9173.2473 0.383300006389618
9177.2461 0.390799999237061
9181.2449 0.394800007343292
9185.2437 0.395599991083145
9189.2425 0.395099997520447
9193.2413 0.395300000905991
9197.2401 0.395300000905991
9201.2389 0.397599995136261
9205.2377 0.400000005960464
9209.2365 0.400099992752075
9213.2353 0.399599999189377
9217.2341 0.398499995470047
9221.2329 0.396800011396408
9225.2317 0.395599991083145
9229.2305 0.395099997520447
9233.2293 0.394699990749359
9237.2281 0.393900007009506
9241.2269 0.392300009727478
9245.2257 0.391099989414215
9249.2245 0.389499992132187
9253.2233 0.387100011110306
9257.2221 0.385600000619888
9261.2209 0.38730001449585
9265.2197 0.392100006341934
9269.2185 0.39750000834465
9273.2173 0.399599999189377
9277.2161 0.39860001206398
9281.2149 0.395700007677078
9285.2137 0.393400013446808
9289.2125 0.392800003290176
9293.2113 0.394600003957748
9297.2101 0.397300004959106
9301.2089 0.400000005960464
9305.2077 0.401699990034103
9309.2065 0.402200013399124
9313.2053 0.399899989366531
9317.2041 0.396699994802475
9321.2029 0.394300013780594
9325.2017 0.396499991416931
9329.2005 0.401300013065338
9333.1993 0.407000005245209
9337.1981 0.412000000476837
9341.1969 0.415100008249283
9345.1957 0.416500002145767
9349.1945 0.418199986219406
9353.1933 0.418199986219406
9357.1921 0.417600005865097
9361.1909 0.417400002479553
9365.1897 0.417499989271164
9369.1885 0.419299989938736
9373.1873 0.421600013971329
9377.1861 0.423599988222122
9381.1849 0.427500009536743
9385.1837 0.432000011205673
9389.1825 0.435400009155273
9393.1813 0.438800007104874
9397.1801 0.441599994897842
9401.1789 0.443699985742569
9405.1777 0.445199996232986
9409.1765 0.445899993181229
9413.1753 0.446000009775162
9417.1741 0.445800006389618
9421.1729 0.446099996566772
9425.1717 0.445600003004074
9429.1705 0.444700002670288
9433.1693 0.445199996232986
9437.1681 0.446000009775162
9441.1669 0.446999996900558
9445.1657 0.447800010442734
9449.1645 0.448399990797043
9453.1633 0.450100004673004
9457.1621 0.449600011110306
9461.1609 0.445699989795685
9465.1597 0.43970000743866
9469.1585 0.432300001382828
9473.1573 0.425399988889694
9477.1561 0.422399997711182
9481.1549 0.42620000243187
9485.1537 0.43419998884201
9489.1525 0.4408999979496
9493.1513 0.4442999958992
9497.1501 0.443500012159348
9501.1489 0.439300000667572
9505.1477 0.431300014257431
9509.1465 0.422600001096725
9513.1453 0.414799988269806
9517.1441 0.413300007581711
9521.1429 0.420199990272522
9525.1417 0.430500000715256
9529.1405 0.437599986791611
9533.1393 0.439599990844727
9537.1381 0.43970000743866
9541.1369 0.437799990177155
9545.1357 0.435600012540817
9549.1345 0.432200014591217
9553.1333 0.431800007820129
9557.1321 0.428299993276596
9561.1309 0.423099994659424
9565.1297 0.417100012302399
9569.1285 0.408899992704391
9573.1273 0.40599998831749
9577.1261 0.408699989318848
9581.1249 0.409999996423721
9585.1237 0.403899997472763
9589.1225 0.39860001206398
9593.1213 0.388399988412857
9597.1201 0.382999986410141
9601.1189 0.375099986791611
9605.1177 0.362300008535385
9609.1165 0.34909999370575
9613.1153 0.341399997472763
9617.1141 0.328599989414215
9621.1129 0.3091000020504
9625.1117 0.289200007915497
9629.1105 0.271499991416931
9633.1093 0.258100003004074
9637.1081 0.252999991178513
9641.1069 0.250200003385544
9645.1057 0.243300005793571
9649.1045 0.228400006890297
9653.1033 0.220599994063377
9657.1021 0.216000005602837
9661.1009 0.214599996805191
9665.0997 0.213899999856949
9669.0985 0.218199998140335
9673.0973 0.223800003528595
9677.0961 0.226600006222725
9681.0949 0.223199993371964
9685.0937 0.211999997496605
9689.0925 0.199100002646446
9693.0913 0.19310000538826
9697.0901 0.186599999666214
9701.0889 0.164499998092651
9705.0877 0.134399995207787
9709.0864 0.128700003027916
9713.0852 0.150299996137619
9717.0840 0.172600001096725
9721.0828 0.189600005745888
9725.0816 0.199699997901917
9729.0804 0.19539999961853
9733.0792 0.185699999332428
9737.0780 0.177499994635582
9741.0768 0.173700004816055
9745.0756 0.180899992585182
9749.0744 0.189099997282028
9753.0732 0.195500001311302
9757.0720 0.201700001955032
9761.0708 0.197899997234344
9765.0696 0.19030000269413
9769.0684 0.181500002741814
9773.0672 0.171900004148483
9777.0660 0.170800000429153
9781.0648 0.179299995303154
9785.0636 0.179399996995926
9789.0624 0.175200000405312
9793.0612 0.172499999403954
9797.0600 0.171200007200241
9801.0588 0.163800001144409
9805.0576 0.148100003600121
9809.0564 0.144199997186661
9813.0552 0.140100002288818
9817.0540 0.1266999989748
9821.0528 0.120700001716614
9825.0516 0.114399999380112
9829.0504 0.0971999987959862
9833.0492 0.0917000025510788
9837.0480 0.0989999994635582
9841.0468 0.097800001502037
9845.0456 0.0979999974370003
9849.0444 0.111299999058247
9853.0432 0.114100001752377
9857.0420 0.111299999058247
9861.0408 0.111199997365475
9865.0396 0.105499997735023
9869.0384 0.0991000011563301
9873.0372 0.0847000032663345
9877.0360 0.0674000009894371
9881.0348 0.0577999986708164
9885.0336 0.0542999990284443
9889.0324 0.0601000003516674
9893.0312 0.0719999969005585
9897.0300 0.0772000029683113
9901.0288 0.0754000023007393
9905.0276 0.0773999989032745
9909.0264 0.0811000019311905
9913.0252 0.0820999965071678
9917.0240 0.0852999985218048
9921.0228 0.0926999971270561
9925.0216 0.0988999977707863
9929.0204 0.0930000022053719
9933.0192 0.0883999988436699
9937.0180 0.0931999981403351
9941.0168 0.0917000025510788
9945.0156 0.0899000018835068
9949.0144 0.0865999981760979
9953.0132 0.0786999985575676
9957.0120 0.0719000026583672
9961.0108 0.069300003349781
9965.0096 0.0795999988913536
9969.0084 0.0975999981164932
9973.0072 0.102200001478195
9977.0060 0.106299996376038
9981.0048 0.104000002145767
9985.0036 0.0837000012397766
9989.0024 0.0810000002384186
9993.0012 0.100100003182888
9997.0000 0.11259999871254
