 351.899  0.00000
 353.881  0.00000
 355.864  0.00082
 357.847  0.00151
 359.830  0.00000
 361.813  0.00000
 363.796  0.00722
 365.779  0.01127
 367.761  0.02014
 369.744  0.00137
 371.727  0.00957
 373.710  0.01132
 375.693  0.01058
 377.676  0.02278
 379.659  0.02482
 381.641  0.03741
 383.624  0.03196
 385.607  0.03070
 387.590  0.01614
 389.573  0.03320
 391.556  0.00589
 393.539  0.00751
 395.522  0.04195
 397.504  0.08313
 399.487  0.08578
 401.470  0.07273
 403.453  0.06390
 405.436  0.09115
 407.419  0.10629
 409.402  0.11491
 411.384  0.11578
 413.367  0.10156
 415.350  0.12423
 417.333  0.14500
 419.316  0.15968
 421.299  0.16797
 423.282  0.16658
 425.264  0.14096
 427.247  0.14582
 429.230  0.16447
 431.213  0.22540
 433.196  0.25168
 435.179  0.24397
 437.162  0.22958
 439.144  0.24249
 441.127  0.25740
 443.110  0.27810
 445.093  0.29815
 447.076  0.30761
 449.059  0.31418
 451.042  0.29706
 453.025  0.30404
 455.007  0.32455
 456.990  0.34974
 458.973  0.36242
 460.956  0.35497
 462.939  0.35266
 464.922  0.36290
 466.905  0.37566
 468.887  0.38019
 470.870  0.37488
 472.853  0.37818
 474.836  0.39981
 476.819  0.43353
 478.802  0.45880
 480.785  0.43724
 482.767  0.40634
 484.750  0.39806
 486.733  0.42675
 488.716  0.44862
 490.699  0.45079
 492.682  0.44504
 494.665  0.45418
 496.647  0.46839
 498.630  0.47007
 500.613  0.47482
 502.596  0.47977
 504.579  0.49393
 506.562  0.51989
 508.545  0.52882
 510.528  0.50700
 512.510  0.48881
 514.493  0.49164
 516.476  0.50229
 518.459  0.50777
 520.442  0.51050
 522.425  0.50548
 524.408  0.51183
 526.390  0.52568
 528.373  0.53272
 530.356  0.54004
 532.339  0.52652
 534.322  0.52285
 536.305  0.52301
 538.288  0.52393
 540.270  0.53117
 542.253  0.53148
 544.236  0.52553
 546.219  0.51274
 548.202  0.51442
 550.185  0.52120
 552.168  0.51851
 554.151  0.51559
 556.133  0.50682
 558.116  0.49435
 560.099  0.48829
 562.082  0.49590
 564.065  0.50107
 566.048  0.50991
 568.031  0.50680
 570.013  0.49721
 571.996  0.48083
 573.979  0.47202
 575.962  0.47538
 577.945  0.49255
 579.928  0.50120
 581.911  0.47942
 583.893  0.44857
 585.876  0.44328
 587.859  0.44772
 589.842  0.44822
 591.825  0.44902
 593.808  0.45156
 595.791  0.44623
 597.773  0.44599
 599.756  0.45787
 601.739  0.46233
 603.722  0.44880
 605.705  0.43267
 607.688  0.42155
 609.671  0.42593
 611.654  0.41424
 613.636  0.40934
 615.619  0.41709
 617.602  0.41274
 619.585  0.40349
 621.568  0.39044
 623.551  0.38292
 625.534  0.37763
 627.516  0.39094
 629.499  0.38735
 631.482  0.38315
 633.465  0.38071
 635.448  0.37509
 637.431  0.38159
 639.414  0.38969
 641.396  0.36830
 643.379  0.35567
 645.362  0.35202
 647.345  0.35806
 649.328  0.35100
 651.311  0.32227
 653.294  0.30605
 655.276  0.32353
 657.259  0.35931
 659.242  0.36789
 661.225  0.34921
 663.208  0.33132
 665.191  0.32089
 667.174  0.33741
 669.157  0.34850
 671.139  0.32492
 673.122  0.30214
 675.105  0.31136
 677.088  0.31459
 679.071  0.32194
 681.054  0.30091
 683.037  0.26215
 685.019  0.23583
 687.002  0.23529
 688.985  0.25018
 690.968  0.26772
 692.951  0.27800
 694.934  0.28710
 696.917  0.27303
 698.899  0.25183
 700.882  0.23894
 702.865  0.24667
 704.848  0.25527
 706.831  0.25282
 708.814  0.24735
 710.797  0.23135
 712.779  0.19954
 714.762  0.17899
 716.745  0.17528
 718.728  0.18797
 720.711  0.18077
 722.694  0.18077
 724.677  0.17612
 726.660  0.17759
 728.642  0.19574
 730.625  0.17741
 732.608  0.17556
 734.591  0.17008
 736.574  0.17748
 738.557  0.18357
 740.540  0.19812
 742.522  0.19109
 744.505  0.18006
 746.488  0.16328
 748.471  0.17577
 750.454  0.18515
 752.437  0.16013
 754.420  0.13290
 756.402  0.08991
 758.385  0.05739
 760.368  0.06509
 762.351  0.10382
 764.334  0.14186
 766.317  0.15286
 768.300  0.13293
 770.282  0.11991
 772.265  0.13898
 774.248  0.16226
 776.231  0.15631
 778.214  0.13445
 780.197  0.12432
 782.180  0.12655
 784.163  0.11778
 786.145  0.12131
 788.128  0.12610
 790.111  0.14032
 792.094  0.14445
 794.077  0.12288
 796.060  0.11713
 798.043  0.12666
 800.025  0.14147
 802.008  0.12601
 803.991  0.10637
 805.974  0.11289
 807.957  0.12243
 809.940  0.10693
 811.923  0.07907
 813.905  0.06737
 815.888  0.07409
 817.871  0.06911
 819.854  0.07575
 821.837  0.07755
 823.820  0.09055
 825.803  0.06719
 827.785  0.07507
 829.768  0.05739
 831.751  0.09157
 833.734  0.07751
 835.717  0.07245
 837.700  0.08435
 839.683  0.08584
 841.666  0.07212
 843.648  0.06074
 845.631  0.05703
 847.614  0.08342
 849.597  0.10205
 851.580  0.08795
 853.563  0.06765
 855.546  0.06554
 857.528  0.06191
 859.511  0.08244
 861.494  0.08240
 863.477  0.08151
 865.460  0.07473
 867.443  0.09738
 869.426  0.09410
 871.408  0.07450
 873.391  0.07794
 875.374  0.06157
 877.357  0.06020
 879.340  0.04528
 881.323  0.05843
 883.306  0.07471
 885.288  0.06671
 887.271  0.05485
 889.254  0.04695
 891.237  0.05351
 893.220  0.06683
 895.203  0.08502
 897.186  0.06651
 899.169  0.04742
 901.151  0.03552
 903.134  0.03992
 905.117  0.05683
 907.100  0.05034
 909.083  0.02722
 911.066  0.03175
 913.049  0.02909
 915.031  0.02133
 917.014  0.05190
 918.997  0.06022
 920.980  0.05834
 922.963  0.06663
 924.946  0.02991
 926.929  0.00236
 928.911  0.02573
 930.894  0.04005
 932.877  0.01557
 934.860  0.02673
 936.843  0.03354
 938.826  0.05466
 940.809  0.04369
 942.791  0.03355
 944.774  0.00975
 946.757  0.01323
 948.740  0.02330
 950.723  0.02993
 952.706  0.01324
 954.689  0.03211
 956.672  0.04571
 958.654  0.06396
 960.637  0.03246
 962.620  0.03189
 964.603  0.01309
 966.586  0.03531
 968.569  0.03901
 970.552  0.03539
 972.534  0.00994
 974.517  0.00942
 976.500  0.03562
 978.483  0.03151
 980.466  0.00953
 982.449  0.00000
 984.432  0.00000
 986.414  0.00401
 988.397  0.03974
 990.380  0.02253
 992.363  0.00700
 994.346  0.03205
 996.329  0.03592
 998.312  0.04356
