 350.400  0.00483
 351.300  0.00495
 352.200  0.00508
 353.100  0.00520
 354.000  0.00533
 354.900  0.00546
 355.800  0.00560
 356.700  0.00576
 357.600  0.00593
 358.500  0.00613
 359.400  0.00637
 360.300  0.00665
 361.200  0.00697
 362.100  0.00735
 363.000  0.00779
 363.900  0.00829
 364.800  0.00886
 365.700  0.00950
 366.600  0.01022
 367.500  0.01102
 368.400  0.01190
 369.300  0.01286
 370.200  0.01391
 371.100  0.01506
 372.000  0.01631
 372.900  0.01766
 373.800  0.01911
 374.700  0.02067
 375.600  0.02234
 376.500  0.02412
 377.400  0.02602
 378.300  0.02805
 379.200  0.03021
 380.100  0.03250
 381.000  0.03492
 381.900  0.03748
 382.800  0.04017
 383.700  0.04299
 384.600  0.04594
 385.500  0.04901
 386.400  0.05219
 387.300  0.05550
 388.200  0.05892
 389.100  0.06246
 390.000  0.06610
 390.900  0.06984
 391.800  0.07368
 392.700  0.07762
 393.600  0.08164
 394.500  0.08574
 395.400  0.08992
 396.300  0.09416
 397.200  0.09845
 398.100  0.10280
 399.000  0.10719
 399.900  0.11164
 400.800  0.11613
 401.700  0.12067
 402.600  0.12527
 403.500  0.12992
 404.400  0.13462
 405.300  0.13939
 406.200  0.14421
 407.100  0.14908
 408.000  0.15400
 408.900  0.15898
 409.800  0.16401
 410.700  0.16909
 411.600  0.17423
 412.500  0.17941
 413.400  0.18465
 414.300  0.18993
 415.200  0.19527
 416.100  0.20064
 417.000  0.20606
 417.900  0.21152
 418.800  0.21701
 419.700  0.22254
 420.600  0.22810
 421.500  0.23369
 422.400  0.23931
 423.300  0.24495
 424.200  0.25062
 425.100  0.25630
 426.000  0.26201
 426.900  0.26773
 427.800  0.27347
 428.700  0.27921
 429.600  0.28495
 430.500  0.29067
 431.400  0.29638
 432.300  0.30206
 433.200  0.30771
 434.100  0.31332
 435.000  0.31889
 435.900  0.32443
 436.800  0.32992
 437.700  0.33538
 438.600  0.34080
 439.500  0.34617
 440.400  0.35150
 441.300  0.35677
 442.200  0.36199
 443.100  0.36714
 444.000  0.37224
 444.900  0.37726
 445.800  0.38222
 446.700  0.38712
 447.600  0.39195
 448.500  0.39671
 449.400  0.40141
 450.300  0.40606
 451.200  0.41064
 452.100  0.41518
 453.000  0.41966
 453.900  0.42409
 454.800  0.42846
 455.700  0.43278
 456.600  0.43705
 457.500  0.44127
 458.400  0.44542
 459.300  0.44953
 460.200  0.45359
 461.100  0.45759
 462.000  0.46155
 462.900  0.46546
 463.800  0.46934
 464.700  0.47317
 465.600  0.47696
 466.500  0.48071
 467.400  0.48442
 468.300  0.48810
 469.200  0.49174
 470.100  0.49535
 471.000  0.49892
 471.900  0.50247
 472.800  0.50599
 473.700  0.50947
 474.600  0.51293
 475.500  0.51635
 476.400  0.51973
 477.300  0.52308
 478.200  0.52638
 479.100  0.52965
 480.000  0.53288
 480.900  0.53609
 481.800  0.53927
 482.700  0.54244
 483.600  0.54560
 484.500  0.54875
 485.400  0.55190
 486.300  0.55504
 487.200  0.55818
 488.100  0.56131
 489.000  0.56442
 489.900  0.56751
 490.800  0.57059
 491.700  0.57364
 492.600  0.57666
 493.500  0.57966
 494.400  0.58264
 495.300  0.58558
 496.200  0.58849
 497.100  0.59136
 498.000  0.59418
 498.900  0.59697
 499.800  0.59970
 500.700  0.60238
 501.600  0.60501
 502.500  0.60757
 503.400  0.61008
 504.300  0.61252
 505.200  0.61490
 506.100  0.61721
 507.000  0.61944
 507.900  0.62160
 508.800  0.62370
 509.700  0.62573
 510.600  0.62771
 511.500  0.62964
 512.400  0.63152
 513.300  0.63337
 514.200  0.63519
 515.100  0.63697
 516.000  0.63873
 516.900  0.64045
 517.800  0.64213
 518.700  0.64377
 519.600  0.64536
 520.500  0.64691
 521.400  0.64840
 522.300  0.64984
 523.200  0.65121
 524.100  0.65252
 525.000  0.65374
 525.900  0.65489
 526.800  0.65594
 527.700  0.65688
 528.600  0.65772
 529.500  0.65845
 530.400  0.65907
 531.300  0.65959
 532.200  0.66000
 533.100  0.66030
 534.000  0.66051
 534.900  0.66062
 535.800  0.66063
 536.700  0.66054
 537.600  0.66036
 538.500  0.66008
 539.400  0.65971
 540.300  0.65925
 541.200  0.65869
 542.100  0.65804
 543.000  0.65732
 543.900  0.65651
 544.800  0.65564
 545.700  0.65470
 546.600  0.65370
 547.500  0.65263
 548.400  0.65152
 549.300  0.65034
 550.200  0.64912
 551.100  0.64784
 552.000  0.64652
 552.900  0.64516
 553.800  0.64376
 554.700  0.64234
 555.600  0.64089
 556.500  0.63942
 557.400  0.63793
 558.300  0.63644
 559.200  0.63493
 560.100  0.63341
 561.000  0.63188
 561.900  0.63033
 562.800  0.62876
 563.700  0.62716
 564.600  0.62554
 565.500  0.62388
 566.400  0.62217
 567.300  0.62043
 568.200  0.61863
 569.100  0.61680
 570.000  0.61492
 570.900  0.61301
 571.800  0.61106
 572.700  0.60908
 573.600  0.60707
 574.500  0.60504
 575.400  0.60298
 576.300  0.60090
 577.200  0.59879
 578.100  0.59666
 579.000  0.59450
 579.900  0.59234
 580.800  0.59017
 581.700  0.58799
 582.600  0.58583
 583.500  0.58368
 584.400  0.58156
 585.300  0.57948
 586.200  0.57743
 587.100  0.57542
 588.000  0.57345
 588.900  0.57152
 589.800  0.56962
 590.700  0.56774
 591.600  0.56588
 592.500  0.56404
 593.400  0.56220
 594.300  0.56037
 595.200  0.55854
 596.100  0.55671
 597.000  0.55487
 597.900  0.55301
 598.800  0.55113
 599.700  0.54923
 600.600  0.54730
 601.500  0.54535
 602.400  0.54336
 603.300  0.54134
 604.200  0.53929
 605.100  0.53722
 606.000  0.53513
 606.900  0.53302
 607.800  0.53089
 608.700  0.52876
 609.600  0.52661
 610.500  0.52446
 611.400  0.52230
 612.300  0.52015
 613.200  0.51800
 614.100  0.51585
 615.000  0.51371
 615.900  0.51158
 616.800  0.50945
 617.700  0.50733
 618.600  0.50522
 619.500  0.50312
 620.400  0.50104
 621.300  0.49899
 622.200  0.49697
 623.100  0.49497
 624.000  0.49301
 624.900  0.49108
 625.800  0.48917
 626.700  0.48730
 627.600  0.48545
 628.500  0.48363
 629.400  0.48182
 630.300  0.48003
 631.200  0.47825
 632.100  0.47649
 633.000  0.47473
 633.900  0.47299
 634.800  0.47125
 635.700  0.46953
 636.600  0.46781
 637.500  0.46611
 638.400  0.46442
 639.300  0.46274
 640.200  0.46107
 641.100  0.45943
 642.000  0.45780
 642.900  0.45621
 643.800  0.45464
 644.700  0.45311
 645.600  0.45162
 646.500  0.45017
 647.400  0.44875
 648.300  0.44736
 649.200  0.44600
 650.100  0.44467
 651.000  0.44336
 651.900  0.44207
 652.800  0.44078
 653.700  0.43950
 654.600  0.43821
 655.500  0.43690
 656.400  0.43554
 657.300  0.43414
 658.200  0.43268
 659.100  0.43115
 660.000  0.42955
 660.900  0.42786
 661.800  0.42610
 662.700  0.42425
 663.600  0.42231
 664.500  0.42030
 665.400  0.41819
 666.300  0.41600
 667.200  0.41371
 668.100  0.41134
 669.000  0.40887
 669.900  0.40631
 670.800  0.40366
 671.700  0.40093
 672.600  0.39812
 673.500  0.39524
 674.400  0.39230
 675.300  0.38930
 676.200  0.38626
 677.100  0.38318
 678.000  0.38007
 678.900  0.37695
 679.800  0.37383
 680.700  0.37073
 681.600  0.36767
 682.500  0.36464
 683.400  0.36168
 684.300  0.35879
 685.200  0.35598
 686.100  0.35324
 687.000  0.35058
 687.900  0.34799
 688.800  0.34547
 689.700  0.34301
 690.600  0.34058
 691.500  0.33819
 692.400  0.33582
 693.300  0.33346
 694.200  0.33110
 695.100  0.32872
 696.000  0.32632
 696.900  0.32390
 697.800  0.32143
 698.700  0.31893
 699.600  0.31637
 700.500  0.31375
 701.400  0.31108
 702.300  0.30834
 703.200  0.30554
 704.100  0.30267
 705.000  0.29975
 705.900  0.29677
 706.800  0.29376
 707.700  0.29071
 708.600  0.28766
 709.500  0.28461
 710.400  0.28158
 711.300  0.27859
 712.200  0.27567
 713.100  0.27281
 714.000  0.27005
 714.900  0.26738
 715.800  0.26483
 716.700  0.26240
 717.600  0.26009
 718.500  0.25792
 719.400  0.25587
 720.300  0.25396
 721.200  0.25218
 722.100  0.25053
 723.000  0.24900
 723.900  0.24758
 724.800  0.24627
 725.700  0.24506
 726.600  0.24393
 727.500  0.24287
 728.400  0.24188
 729.300  0.24094
 730.200  0.24004
 731.100  0.23918
 732.000  0.23835
 732.900  0.23754
 733.800  0.23676
 734.700  0.23599
 735.600  0.23523
 736.500  0.23447
 737.400  0.23371
 738.300  0.23293
 739.200  0.23214
 740.100  0.23132
 741.000  0.23047
 741.900  0.22959
 742.800  0.22867
 743.700  0.22773
 744.600  0.22675
 745.500  0.22574
 746.400  0.22471
 747.300  0.22366
 748.200  0.22258
 749.100  0.22149
 750.000  0.22038
 750.900  0.21925
 751.800  0.21810
 752.700  0.21695
 753.600  0.21578
 754.500  0.21461
 755.400  0.21343
 756.300  0.21224
 757.200  0.21105
 758.100  0.20986
 759.000  0.20867
 759.900  0.20748
 760.800  0.20630
 761.700  0.20513
 762.600  0.20396
 763.500  0.20280
 764.400  0.20165
 765.300  0.20052
 766.200  0.19940
 767.100  0.19830
 768.000  0.19722
 768.900  0.19617
 769.800  0.19513
 770.700  0.19412
 771.600  0.19314
 772.500  0.19218
 773.400  0.19123
 774.300  0.19030
 775.200  0.18938
 776.100  0.18846
 777.000  0.18755
 777.900  0.18662
 778.800  0.18569
 779.700  0.18475
 780.600  0.18381
 781.500  0.18285
 782.400  0.18188
 783.300  0.18090
 784.200  0.17990
 785.100  0.17889
 786.000  0.17786
 786.900  0.17681
 787.800  0.17574
 788.700  0.17464
 789.600  0.17350
 790.500  0.17233
 791.400  0.17112
 792.300  0.16988
 793.200  0.16859
 794.100  0.16728
 795.000  0.16593
 795.900  0.16455
 796.800  0.16314
 797.700  0.16171
 798.600  0.16025
 799.500  0.15876
 800.400  0.15724
 801.300  0.15570
 802.200  0.15413
 803.100  0.15254
 804.000  0.15093
 804.900  0.14932
 805.800  0.14770
 806.700  0.14608
 807.600  0.14447
 808.500  0.14289
 809.400  0.14133
 810.300  0.13981
 811.200  0.13833
 812.100  0.13692
 813.000  0.13557
 813.900  0.13429
 814.800  0.13309
 815.700  0.13196
 816.600  0.13091
 817.500  0.12992
 818.400  0.12901
 819.300  0.12816
 820.200  0.12737
 821.100  0.12664
 822.000  0.12597
 822.900  0.12534
 823.800  0.12477
 824.700  0.12424
 825.600  0.12375
 826.500  0.12330
 827.400  0.12288
 828.300  0.12250
 829.200  0.12214
 830.100  0.12180
 831.000  0.12148
 831.900  0.12116
 832.800  0.12085
 833.700  0.12054
 834.600  0.12023
 835.500  0.11991
 836.400  0.11959
 837.300  0.11927
 838.200  0.11895
 839.100  0.11864
 840.000  0.11833
 840.900  0.11803
 841.800  0.11774
 842.700  0.11747
 843.600  0.11722
 844.500  0.11699
 845.400  0.11676
 846.300  0.11655
 847.200  0.11635
 848.100  0.11615
 849.000  0.11595
 849.900  0.11576
 850.800  0.11556
 851.700  0.11536
 852.600  0.11516
 853.500  0.11495
 854.400  0.11474
 855.300  0.11452
 856.200  0.11429
 857.100  0.11406
 858.000  0.11381
 858.900  0.11355
 859.800  0.11327
 860.700  0.11298
 861.600  0.11268
 862.500  0.11235
 863.400  0.11201
 864.300  0.11163
 865.200  0.11123
 866.100  0.11080
 867.000  0.11032
 867.900  0.10981
 868.800  0.10925
 869.700  0.10865
 870.600  0.10800
 871.500  0.10730
 872.400  0.10656
 873.300  0.10577
 874.200  0.10496
 875.100  0.10410
 876.000  0.10322
 876.900  0.10232
 877.800  0.10139
 878.700  0.10045
 879.600  0.09948
 880.500  0.09849
 881.400  0.09748
 882.300  0.09645
 883.200  0.09541
 884.100  0.09436
 885.000  0.09330
 885.900  0.09224
 886.800  0.09118
 887.700  0.09013
 888.600  0.08910
 889.500  0.08808
 890.400  0.08707
 891.300  0.08608
 892.200  0.08508
 893.100  0.08409
 894.000  0.08310
 894.900  0.08211
 895.800  0.08111
 896.700  0.08012
 897.600  0.07912
 898.500  0.07813
 899.400  0.07714
 900.300  0.07616
 901.200  0.07520
 902.100  0.07425
 903.000  0.07333
 903.900  0.07242
 904.800  0.07153
 905.700  0.07067
 906.600  0.06984
 907.500  0.06903
 908.400  0.06826
 909.300  0.06752
 910.200  0.06681
 911.100  0.06614
 912.000  0.06551
 912.900  0.06492
 913.800  0.06435
 914.700  0.06382
 915.600  0.06331
 916.500  0.06281
 917.400  0.06233
 918.300  0.06185
 919.200  0.06136
 920.100  0.06087
 921.000  0.06037
 921.900  0.05986
 922.800  0.05934
 923.700  0.05882
 924.600  0.05829
 925.500  0.05777
 926.400  0.05726
 927.300  0.05677
 928.200  0.05628
 929.100  0.05582
 930.000  0.05538
 930.900  0.05497
 931.800  0.05458
 932.700  0.05421
 933.600  0.05386
 934.500  0.05352
 935.400  0.05318
 936.300  0.05285
 937.200  0.05252
 938.100  0.05220
 939.000  0.05189
 939.900  0.05159
 940.800  0.05130
 941.700  0.05104
 942.600  0.05080
 943.500  0.05059
 944.400  0.05042
 945.300  0.05027
 946.200  0.05017
 947.100  0.05010
 948.000  0.05007
 948.900  0.05008
 949.800  0.05012
 950.700  0.05018
 951.600  0.05027
 952.500  0.05037
 953.400  0.05047
 954.300  0.05057
 955.200  0.05065
 956.100  0.05072
 957.000  0.05077
 957.900  0.05079
 958.800  0.05079
 959.700  0.05077
 960.600  0.05072
 961.500  0.05065
 962.400  0.05054
 963.300  0.05041
 964.200  0.05025
 965.100  0.05005
 966.000  0.04982
 966.900  0.04955
 967.800  0.04923
 968.700  0.04889
 969.600  0.04851
 970.500  0.04810
 971.400  0.04767
 972.300  0.04723
 973.200  0.04677
 974.100  0.04630
 975.000  0.04583
 975.900  0.04536
 976.800  0.04489
 977.700  0.04442
 978.600  0.04396
 979.500  0.04350
 980.400  0.04305
 981.300  0.04261
 982.200  0.04217
 983.100  0.04175
 984.000  0.04133
 984.900  0.04094
 985.800  0.04056
 986.700  0.04021
 987.600  0.03988
 988.500  0.03957
 989.400  0.03929
 990.300  0.03902
 991.200  0.03876
 992.100  0.03852
 993.000  0.03829
 993.900  0.03806
 994.800  0.03785
 995.700  0.03765
 996.600  0.03745
 997.500  0.03726
 998.400  0.03707
 999.300  0.03687
