350.0000 0.701225519180298
351.0000 0.667985737323761
352.0000 0.646980345249176
353.0000 0.630068957805634
354.0000 0.725230515003204
355.0000 0.727285802364349
356.0000 0.664959609508514
357.0000 0.522423207759857
358.0000 0.495311677455902
359.0000 0.542438149452209
360.0000 0.723035097122192
361.0000 0.567168653011322
362.0000 0.58629697561264
363.0000 0.687560975551605
364.0000 0.697833955287933
365.0000 0.667155563831329
366.0000 0.839989602565765
367.0000 0.790089130401611
368.0000 0.734267890453339
369.0000 0.758981108665466
370.0000 0.835821926593781
371.0000 0.727067351341248
372.0000 0.702458918094635
373.0000 0.698189079761505
374.0000 0.611166536808014
375.0000 0.584532618522644
376.0000 0.714332103729248
377.0000 0.752157628536224
378.0000 0.913383483886719
379.0000 0.758947312831879
380.0000 0.70445442199707
381.0000 0.814904808998108
382.0000 0.594925165176392
383.0000 0.461278915405273
384.0000 0.505019783973694
385.0000 0.704135656356812
386.0000 0.607138812541962
387.0000 0.655344188213348
388.0000 0.645579397678375
389.0000 0.677435517311096
390.0000 0.814993321895599
391.0000 0.862130880355835
392.0000 0.788868725299835
393.0000 0.448468714952469
394.0000 0.507963716983795
395.0000 0.823810756206512
396.0000 0.745320379734039
397.0000 0.405684560537338
398.0000 0.880900084972382
399.0000 1.03781712055206
400.0000 1.07353079319
401.0000 1.09771323204041
402.0000 1.14417171478271
403.0000 1.10361218452454
404.0000 1.13205349445343
405.0000 1.08410966396332
406.0000 1.04972767829895
407.0000 1.05056989192963
408.0000 1.06475615501404
409.0000 1.17592477798462
410.0000 0.970470070838928
411.0000 1.14392149448395
412.0000 1.16862440109253
413.0000 1.11771523952484
414.0000 1.17960751056671
415.0000 1.16920518875122
416.0000 1.16165316104889
417.0000 1.11009550094604
418.0000 1.12826323509216
419.0000 1.11808574199677
420.0000 1.08026742935181
421.0000 1.19422113895416
422.0000 1.14536249637604
423.0000 1.0529088973999
424.0000 1.11642336845398
425.0000 1.11852133274078
426.0000 1.07195043563843
427.0000 1.09398007392883
428.0000 1.10333728790283
429.0000 0.975899994373322
430.0000 0.86993008852005
431.0000 0.747087240219116
432.0000 1.24402785301208
433.0000 1.13016057014465
434.0000 0.936538994312286
435.0000 1.07247245311737
436.0000 1.23106718063354
437.0000 1.15549540519714
438.0000 1.12242960929871
439.0000 1.16445088386536
440.0000 1.17347836494446
441.0000 1.20734512805939
442.0000 1.30198609828949
443.0000 1.24949860572815
444.0000 1.28991663455963
445.0000 1.28426814079285
446.0000 1.14949882030487
447.0000 1.27190089225769
448.0000 1.29535639286041
449.0000 1.31158459186554
450.0000 1.32636487483978
451.0000 1.40139973163605
452.0000 1.34481155872345
453.0000 1.22200691699982
454.0000 1.34380972385406
455.0000 1.3139785528183
456.0000 1.34673893451691
457.0000 1.36173570156097
458.0000 1.3256767988205
459.0000 1.34661293029785
460.0000 1.31589698791504
461.0000 1.36879026889801
462.0000 1.3431122303009
463.0000 1.35116004943848
464.0000 1.32244312763214
465.0000 1.2871059179306
466.0000 1.34693431854248
467.0000 1.26094210147858
468.0000 1.30860435962677
469.0000 1.30283188819885
470.0000 1.28593039512634
471.0000 1.26912760734558
472.0000 1.33994591236115
473.0000 1.31029975414276
474.0000 1.34090495109558
475.0000 1.363734126091
476.0000 1.3312361240387
477.0000 1.31531620025635
478.0000 1.37128949165344
479.0000 1.30861377716064
480.0000 1.35686850547791
481.0000 1.34719443321228
482.0000 1.36184251308441
483.0000 1.33497679233551
484.0000 1.30035412311554
485.0000 1.28547048568726
486.0000 1.04515290260315
487.0000 1.19060492515564
488.0000 1.27937614917755
489.0000 1.2093049287796
490.0000 1.35134494304657
491.0000 1.28285074234009
492.0000 1.19123983383179
493.0000 1.28428280353546
494.0000 1.26278150081635
495.0000 1.31481635570526
496.0000 1.27142131328583
497.0000 1.28356492519379
498.0000 1.25622475147247
499.0000 1.2673487663269
500.0000 1.23590683937073
501.0000 1.21667146682739
502.0000 1.18761277198792
503.0000 1.24004137516022
504.0000 1.20049238204956
505.0000 1.25295281410217
506.0000 1.32222187519073
507.0000 1.23258590698242
508.0000 1.1649603843689
509.0000 1.228102684021
510.0000 1.20019674301147
511.0000 1.22807002067566
512.0000 1.29383778572083
513.0000 1.17811608314514
514.0000 1.17942547798157
515.0000 1.18989074230194
516.0000 1.24596190452576
517.0000 0.953331530094147
518.0000 1.17195796966553
519.0000 1.15606498718262
520.0000 1.19416427612305
521.0000 1.17683398723602
522.0000 1.21120178699493
523.0000 1.13588345050812
524.0000 1.22947442531586
525.0000 1.22751867771149
526.0000 1.21596765518188
527.0000 1.05523705482483
528.0000 1.19430267810822
529.0000 1.27114820480347
530.0000 1.18289399147034
531.0000 1.26340591907501
532.0000 1.22633302211761
533.0000 1.11871445178986
534.0000 1.19366931915283
535.0000 1.20391690731049
536.0000 1.25654888153076
537.0000 1.18667006492615
538.0000 1.22644543647766
539.0000 1.22062206268311
540.0000 1.16520667076111
541.0000 1.14734077453613
542.0000 1.21144390106201
543.0000 1.18105411529541
544.0000 1.23043262958527
545.0000 1.20882606506348
546.0000 1.22651171684265
547.0000 1.23148572444916
548.0000 1.18791389465332
549.0000 1.20095789432526
550.0000 1.22409272193909
551.0000 1.20837986469269
552.0000 1.22612690925598
553.0000 1.17991495132446
554.0000 1.22135257720947
555.0000 1.22883522510529
556.0000 1.22040987014771
557.0000 1.17696642875671
558.0000 1.17606341838837
559.0000 1.13016092777252
560.0000 1.16172778606415
561.0000 1.19533228874207
562.0000 1.16159117221832
563.0000 1.21665680408478
564.0000 1.1718076467514
565.0000 1.17652857303619
566.0000 1.12071144580841
567.0000 1.1733363866806
568.0000 1.18057155609131
569.0000 1.15263044834137
570.0000 1.16304934024811
571.0000 1.11419773101807
572.0000 1.18317115306854
573.0000 1.20011079311371
574.0000 1.19423031806946
575.0000 1.18451833724976
576.0000 1.1704089641571
577.0000 1.18274939060211
578.0000 1.16572737693787
579.0000 1.15646409988403
580.0000 1.17392039299011
581.0000 1.16626286506653
582.0000 1.18421602249146
583.0000 1.18559551239014
584.0000 1.17959558963776
585.0000 1.16582894325256
586.0000 1.12513244152069
587.0000 1.16479003429413
588.0000 1.16061818599701
589.0000 1.04172122478485
590.0000 1.09592437744141
591.0000 1.15548491477966
592.0000 1.1474050283432
593.0000 1.13251483440399
594.0000 1.15135228633881
595.0000 1.12916898727417
596.0000 1.13533961772919
597.0000 1.14725995063782
598.0000 1.12899339199066
599.0000 1.12651741504669
600.0000 1.12336659431458
601.0000 1.10497808456421
602.0000 1.09767746925354
603.0000 1.11015689373016
604.0000 1.13557612895966
605.0000 1.12927830219269
606.0000 1.12259221076965
607.0000 1.12679886817932
608.0000 1.11269879341125
609.0000 1.11189746856689
610.0000 1.1123753786087
611.0000 1.10539877414703
612.0000 1.11015522480011
613.0000 1.09156286716461
614.0000 1.06031548976898
615.0000 1.09546589851379
616.0000 1.06286537647247
617.0000 1.04970991611481
618.0000 1.08981335163116
619.0000 1.07990622520447
620.0000 1.08917212486267
621.0000 1.09865283966064
622.0000 1.0781512260437
623.0000 1.07041358947754
624.0000 1.05434048175812
625.0000 1.05167269706726
626.0000 1.05918538570404
627.0000 1.07700753211975
628.0000 1.07773804664612
629.0000 1.08195579051971
630.0000 1.05297994613647
631.0000 1.08387315273285
632.0000 1.02726113796234
633.0000 1.0724219083786
634.0000 1.04305720329285
635.0000 1.0639169216156
636.0000 1.03880965709686
637.0000 1.05422580242157
638.0000 1.06264615058899
639.0000 1.05451822280884
640.0000 1.02784335613251
641.0000 1.03410637378693
642.0000 1.01734709739685
643.0000 1.04358351230621
644.0000 1.0245246887207
645.0000 1.03844714164734
646.0000 1.02643871307373
647.0000 1.02727138996124
648.0000 1.03711652755737
649.0000 1.04236114025116
650.0000 0.978525936603546
651.0000 1.03742599487305
652.0000 1.01670670509338
653.0000 1.02279782295227
654.0000 1.0101181268692
655.0000 0.984143197536469
656.0000 0.88183182477951
657.0000 0.886142313480377
658.0000 0.982263267040253
659.0000 0.996935904026031
660.0000 0.987213730812073
661.0000 0.991689503192902
662.0000 1.00607240200043
663.0000 0.986584067344666
664.0000 0.980715751647949
665.0000 0.982460021972656
666.0000 0.978916108608246
667.0000 0.980765998363495
668.0000 0.968311250209808
669.0000 0.99432373046875
670.0000 0.984025180339813
671.0000 0.989656150341034
672.0000 0.985222697257996
673.0000 0.98897510766983
674.0000 0.986881911754608
675.0000 0.974669098854065
676.0000 0.986798226833344
677.0000 0.967612862586975
678.0000 0.979089617729187
679.0000 0.961125731468201
680.0000 0.949440777301788
681.0000 0.95562356710434
682.0000 0.958473920822144
683.0000 0.952007293701172
684.0000 0.952490210533142
685.0000 0.967018365859985
686.0000 0.949393689632416
687.0000 0.969437539577484
688.0000 0.958432018756866
689.0000 0.954207360744476
690.0000 0.946241676807404
691.0000 0.943745851516724
692.0000 0.930238664150238
693.0000 0.934194803237915
694.0000 0.940115928649902
695.0000 0.933348119258881
696.0000 0.94469165802002
697.0000 0.94395112991333
698.0000 0.920040726661682
699.0000 0.939646124839783
700.0000 0.930982232093811
701.0000 0.926790237426758
702.0000 0.916102588176727
703.0000 0.926247835159302
704.0000 0.927061200141907
705.0000 0.93662691116333
706.0000 0.92132443189621
707.0000 0.912865281105042
708.0000 0.932443618774414
709.0000 0.897462546825409
710.0000 0.909591019153595
711.0000 0.902372062206268
712.0000 0.894133031368256
713.0000 0.888011157512665
714.0000 0.896459221839905
715.0000 0.867431402206421
716.0000 0.883816778659821
717.0000 0.88906729221344
718.0000 0.879123985767365
719.0000 0.857089936733246
720.0000 0.879948496818542
721.0000 0.860832989215851
722.0000 0.870313405990601
723.0000 0.876694023609161
724.0000 0.868898570537567
725.0000 0.860572516918182
726.0000 0.864191174507141
727.0000 0.872901439666748
728.0000 0.858410596847534
729.0000 0.829466998577118
730.0000 0.859911024570465
731.0000 0.844245553016663
732.0000 0.856578648090363
733.0000 0.845711648464203
734.0000 0.860909998416901
735.0000 0.850668013095856
736.0000 0.842406749725342
737.0000 0.852027535438538
738.0000 0.840842366218567
739.0000 0.81171590089798
740.0000 0.833824336528778
741.0000 0.819626212120056
742.0000 0.814116775989532
743.0000 0.836776316165924
744.0000 0.836166083812714
745.0000 0.821630895137787
746.0000 0.83522641658783
747.0000 0.83694463968277
748.0000 0.83049339056015
749.0000 0.828710913658142
750.0000 0.817098915576935
751.0000 0.813444852828979
752.0000 0.819258213043213
753.0000 0.819637179374695
754.0000 0.823204338550568
755.0000 0.817712247371674
756.0000 0.813161551952362
757.0000 0.818179488182068
758.0000 0.813833475112915
759.0000 0.801704466342926
760.0000 0.808451473712921
761.0000 0.797505676746368
762.0000 0.779998779296875
763.0000 0.804644167423248
764.0000 0.798505127429962
765.0000 0.796296834945679
766.0000 0.757853627204895
767.0000 0.7804154753685
768.0000 0.788531064987183
769.0000 0.780163943767548
770.0000 0.776683032512665
771.0000 0.776687145233154
772.0000 0.776957750320435
773.0000 0.773758888244629
774.0000 0.781164884567261
775.0000 0.742378056049347
776.0000 0.776041030883789
777.0000 0.770709931850433
778.0000 0.757579684257507
779.0000 0.761136174201965
780.0000 0.752907931804657
781.0000 0.755505859851837
782.0000 0.76382052898407
783.0000 0.751664102077484
784.0000 0.750519871711731
785.0000 0.750789523124695
786.0000 0.738913297653198
787.0000 0.753531277179718
788.0000 0.74732518196106
789.0000 0.753232479095459
790.0000 0.749134600162506
791.0000 0.746788799762726
792.0000 0.730458557605743
793.0000 0.7292799949646
794.0000 0.715719044208527
795.0000 0.730138659477234
796.0000 0.734206736087799
797.0000 0.734352827072144
798.0000 0.734341144561768
799.0000 0.72885400056839
800.0000 0.715043485164642
801.0000 0.731527328491211
802.0000 0.727609634399414
803.0000 0.720407724380493
804.0000 0.726423978805542
805.0000 0.706803441047668
806.0000 0.72403758764267
807.0000 0.718082964420319
808.0000 0.719115912914276
809.0000 0.711484789848328
810.0000 0.706949472427368
811.0000 0.720962643623352
812.0000 0.718104779720306
813.0000 0.721605181694031
814.0000 0.716998815536499
815.0000 0.71235066652298
816.0000 0.713254392147064
817.0000 0.708593428134918
818.0000 0.700312077999115
819.0000 0.695609331130981
820.0000 0.681126415729523
821.0000 0.687607944011688
822.0000 0.682145237922668
823.0000 0.697345852851868
824.0000 0.692180097103119
825.0000 0.687487959861755
826.0000 0.693657875061035
827.0000 0.695418119430542
828.0000 0.689553201198578
829.0000 0.687965512275696
830.0000 0.68465530872345
831.0000 0.674752771854401
832.0000 0.686744391918182
833.0000 0.656628966331482
834.0000 0.663784265518188
835.0000 0.669060409069061
836.0000 0.679017066955566
837.0000 0.673776745796204
838.0000 0.665870785713196
839.0000 0.653586268424988
840.0000 0.671662569046021
841.0000 0.672888517379761
842.0000 0.657702505588531
843.0000 0.652433037757874
844.0000 0.644411623477936
845.0000 0.663199305534363
846.0000 0.665183067321777
847.0000 0.643149495124817
848.0000 0.651807129383087
849.0000 0.639499545097351
850.0000 0.562380254268646
851.0000 0.643408477306366
852.0000 0.624667882919312
853.0000 0.600718319416046
854.0000 0.523912191390991
855.0000 0.576014339923859
856.0000 0.630311489105225
857.0000 0.628103792667389
858.0000 0.632185101509094
859.0000 0.630990266799927
860.0000 0.630335688591003
861.0000 0.631971716880798
862.0000 0.640994489192963
863.0000 0.651335179805756
864.0000 0.643044352531433
865.0000 0.619821608066559
866.0000 0.561002671718597
867.0000 0.609635651111603
868.0000 0.635267615318298
869.0000 0.610120892524719
870.0000 0.644204795360565
871.0000 0.638939917087555
872.0000 0.643898963928223
873.0000 0.64322692155838
874.0000 0.618817865848541
875.0000 0.607466995716095
876.0000 0.612465023994446
877.0000 0.627865850925446
878.0000 0.624858975410461
879.0000 0.619312465190887
880.0000 0.618312418460846
881.0000 0.58102935552597
882.0000 0.614391028881073
883.0000 0.606447041034698
884.0000 0.604365468025208
885.0000 0.611504673957825
886.0000 0.593232274055481
887.0000 0.583717107772827
888.0000 0.601889312267303
889.0000 0.604612410068512
890.0000 0.604865729808807
891.0000 0.602389276027679
892.0000 0.595415651798248
893.0000 0.581910669803619
894.0000 0.596220552921295
895.0000 0.579901516437531
896.0000 0.598890781402588
897.0000 0.584150671958923
898.0000 0.587287306785583
899.0000 0.589055597782135
900.0000 0.572206497192383
901.0000 0.560961306095123
902.0000 0.552851974964142
903.0000 0.579918205738068
904.0000 0.586148202419281
905.0000 0.585723221302032
906.0000 0.57450395822525
907.0000 0.578321158885956
908.0000 0.565513372421265
909.0000 0.551868617534637
910.0000 0.563206136226654
911.0000 0.565442383289337
912.0000 0.557208895683289
913.0000 0.576507568359375
914.0000 0.571676015853882
915.0000 0.560382664203644
916.0000 0.568385362625122
917.0000 0.560141563415527
918.0000 0.559748411178589
919.0000 0.563906133174896
920.0000 0.557887494564056
921.0000 0.545545697212219
922.0000 0.542503356933594
923.0000 0.518987834453583
924.0000 0.541187405586243
925.0000 0.544988453388214
926.0000 0.52785336971283
927.0000 0.55128413438797
928.0000 0.553629279136658
929.0000 0.545893490314484
930.0000 0.546995937824249
931.0000 0.549172401428223
932.0000 0.544294357299805
933.0000 0.548028767108917
934.0000 0.54718291759491
935.0000 0.540000677108765
936.0000 0.535713076591492
937.0000 0.54242205619812
938.0000 0.541239380836487
939.0000 0.537104666233063
940.0000 0.535019874572754
941.0000 0.516753613948822
942.0000 0.513965666294098
943.0000 0.532596588134766
944.0000 0.518539726734161
945.0000 0.524951279163361
946.0000 0.52901428937912
947.0000 0.528900802135468
948.0000 0.529740035533905
949.0000 0.529109060764313
950.0000 0.527175843715668
951.0000 0.521650671958923
952.0000 0.523251354694366
953.0000 0.519321858882904
954.0000 0.51155161857605
955.0000 0.482663869857788
956.0000 0.514994919300079
957.0000 0.511375546455383
958.0000 0.515766978263855
959.0000 0.517153024673462
960.0000 0.511639893054962
961.0000 0.509201169013977
962.0000 0.510688722133636
963.0000 0.505201876163483
964.0000 0.502697885036469
965.0000 0.50551164150238
966.0000 0.494287341833115
967.0000 0.50618714094162
968.0000 0.500466525554657
969.0000 0.501495957374573
970.0000 0.504107236862183
971.0000 0.498172432184219
972.0000 0.501762211322784
973.0000 0.497134655714035
974.0000 0.488363862037659
975.0000 0.493547856807709
976.0000 0.496266067028046
977.0000 0.489380776882172
978.0000 0.495726197957993
979.0000 0.483361929655075
980.0000 0.489497303962708
981.0000 0.492649286985397
982.0000 0.49151623249054
983.0000 0.488275229930878
984.0000 0.486390709877014
985.0000 0.487208127975464
986.0000 0.484244078397751
987.0000 0.483389317989349
988.0000 0.483940601348877
989.0000 0.474429994821548
990.0000 0.476868867874146
991.0000 0.479959428310394
992.0000 0.479468703269958
993.0000 0.478593796491623
994.0000 0.478865802288055
995.0000 0.476432174444199
996.0000 0.475847691297531
997.0000 0.475790679454803
998.0000 0.474495530128479
999.0000 0.472363263368607
1000.0000 0.470421850681305
1001.0000 0.472277998924255
1002.0000 0.471328049898148
1003.0000 0.466049790382385
1004.0000 0.460193872451782
1005.0000 0.431717365980148
1006.0000 0.452142536640167
1007.0000 0.462222307920456
1008.0000 0.463690638542175
1009.0000 0.462210893630981
1010.0000 0.462724834680557
1011.0000 0.4603590965271
1012.0000 0.460198521614075
1013.0000 0.458287864923477
1014.0000 0.458296090364456
1015.0000 0.45193350315094
1016.0000 0.453034520149231
1017.0000 0.450772434473038
1018.0000 0.453780591487885
1019.0000 0.444477677345276
1020.0000 0.447593510150909
1021.0000 0.449178814888
1022.0000 0.441086441278458
1023.0000 0.450557768344879
1024.0000 0.448708355426788
1025.0000 0.448132991790771
1026.0000 0.448213905096054
1027.0000 0.446145415306091
1028.0000 0.446730136871338
1029.0000 0.439513683319092
1030.0000 0.443066388368607
1031.0000 0.44163778424263
1032.0000 0.441080451011658
1033.0000 0.431050151586533
1034.0000 0.435799449682236
1035.0000 0.432320773601532
1036.0000 0.43769183754921
1037.0000 0.431503415107727
1038.0000 0.430288970470428
1039.0000 0.434043198823929
1040.0000 0.428507924079895
1041.0000 0.431802839040756
1042.0000 0.43143692612648
1043.0000 0.426495760679245
1044.0000 0.430157333612442
1045.0000 0.426978439092636
1046.0000 0.416952818632126
1047.0000 0.423682391643524
1048.0000 0.427393972873688
1049.0000 0.425816923379898
1050.0000 0.42364102602005
1051.0000 0.424193292856216
1052.0000 0.421874701976776
1053.0000 0.421003013849258
1054.0000 0.420337975025177
1055.0000 0.42184454202652
1056.0000 0.421167016029358
1057.0000 0.420762479305267
1058.0000 0.415781021118164
1059.0000 0.406250804662704
1060.0000 0.416127890348434
1061.0000 0.408317446708679
1062.0000 0.415171146392822
1063.0000 0.408258050680161
1064.0000 0.415351241827011
1065.0000 0.414473474025726
1066.0000 0.405808627605438
1067.0000 0.409181386232376
1068.0000 0.408382534980774
1069.0000 0.38778281211853
1070.0000 0.401966959238052
1071.0000 0.404652863740921
1072.0000 0.406491130590439
1073.0000 0.393850654363632
1074.0000 0.406688272953033
1075.0000 0.394297510385513
1076.0000 0.404104888439178
1077.0000 0.403419405221939
1078.0000 0.403715342283249
1079.0000 0.390793204307556
1080.0000 0.402796536684036
1081.0000 0.39322030544281
1082.0000 0.390425771474838
1083.0000 0.380810052156448
1084.0000 0.397445619106293
1085.0000 0.396782994270325
1086.0000 0.398123979568481
1087.0000 0.376657575368881
1088.0000 0.392869681119919
1089.0000 0.385480105876923
1090.0000 0.392093688249588
1091.0000 0.393826842308044
1092.0000 0.387406826019287
1093.0000 0.382415741682053
1094.0000 0.352245777845383
1095.0000 0.377791106700897
1096.0000 0.37695300579071
1097.0000 0.374490052461624
1098.0000 0.373328626155853
1099.0000 0.373328626155853
