300.0000 0.419999986886978
301.0000 0.422005295753479
302.0000 0.423965692520142
303.0000 0.425882488489151
304.0000 0.427757054567337
305.0000 0.429590672254562
306.0000 0.431384682655334
307.0000 0.433140426874161
308.0000 0.434859186410904
309.0000 0.436542332172394
310.0000 0.438191145658493
311.0000 0.439806967973709
312.0000 0.441391110420227
313.0000 0.442944914102554
314.0000 0.444469720125198
315.0000 0.445966809988022
316.0000 0.447437524795532
317.0000 0.448883205652237
318.0000 0.450305134057999
319.0000 0.451704680919647
320.0000 0.453083127737045
321.0000 0.4544418156147
322.0000 0.45578208565712
323.0000 0.457105249166489
324.0000 0.458412617444992
325.0000 0.45970556139946
326.0000 0.460985481739044
327.0000 0.462253928184509
328.0000 0.463512420654297
329.0000 0.464762449264526
330.0000 0.46600553393364
331.0000 0.467243194580078
332.0000 0.468476921319962
333.0000 0.469708234071732
334.0000 0.470938622951508
335.0000 0.472169637680054
336.0000 0.473402768373489
337.0000 0.474639505147934
338.0000 0.475881397724152
339.0000 0.477129936218262
340.0000 0.478386640548706
341.0000 0.479653000831604
342.0000 0.480930536985397
343.0000 0.48222079873085
344.0000 0.483525216579437
345.0000 0.484845370054245
346.0000 0.486182749271393
347.0000 0.487538874149323
348.0000 0.488915234804153
349.0000 0.490313321352005
350.0000 0.491734713315964
351.0000 0.493180841207504
352.0000 0.494653284549713
353.0000 0.49615353345871
354.0000 0.497683078050613
355.0000 0.499243438243866
356.0000 0.500836133956909
357.0000 0.50246262550354
358.0000 0.504124522209167
359.0000 0.505823254585266
360.0000 0.5075603723526
361.0000 0.509337365627289
362.0000 0.511155784130096
363.0000 0.513017058372498
364.0000 0.514922738075256
365.0000 0.516874372959137
366.0000 0.518873453140259
367.0000 0.520921468734741
368.0000 0.523019969463348
369.0000 0.525170385837555
370.0000 0.52737432718277
371.0000 0.529633224010468
372.0000 0.531948626041412
373.0000 0.534322023391724
374.0000 0.536754965782166
375.0000 0.539248943328857
376.0000 0.541805446147919
377.0000 0.544425964355469
378.0000 0.547112107276917
379.0000 0.549865067005157
380.0000 0.552684426307678
381.0000 0.555569112300873
382.0000 0.558517932891846
383.0000 0.561529695987701
384.0000 0.564603269100189
385.0000 0.567737519741058
386.0000 0.570931315422058
387.0000 0.574183464050293
388.0000 0.577492833137512
389.0000 0.580858290195465
390.0000 0.584278643131256
391.0000 0.587752759456635
392.0000 0.591279447078705
393.0000 0.594857633113861
394.0000 0.598486125469208
395.0000 0.602163732051849
396.0000 0.60588937997818
397.0000 0.609661817550659
398.0000 0.613480031490326
399.0000 0.617342710494995
400.0000 0.621248841285706
401.0000 0.625197112560272
402.0000 0.629184007644653
403.0000 0.633203387260437
404.0000 0.637249231338501
405.0000 0.641315221786499
406.0000 0.645395219326019
407.0000 0.64948308467865
408.0000 0.653572618961334
409.0000 0.657657623291016
410.0000 0.661731898784637
411.0000 0.665789306163788
412.0000 0.669823706150055
413.0000 0.673828780651093
414.0000 0.677798509597778
415.0000 0.681726574897766
416.0000 0.685606896877289
417.0000 0.68943327665329
418.0000 0.693199515342712
419.0000 0.6968994140625
420.0000 0.700526833534241
421.0000 0.704075574874878
422.0000 0.707539498806
423.0000 0.710912346839905
424.0000 0.714187979698181
425.0000 0.717360258102417
426.0000 0.720422923564911
427.0000 0.723369836807251
428.0000 0.726194858551025
429.0000 0.728891968727112
430.0000 0.731460392475128
431.0000 0.733903467655182
432.0000 0.736225068569183
433.0000 0.738428831100464
434.0000 0.740518391132355
435.0000 0.742497444152832
436.0000 0.744369804859161
437.0000 0.746139049530029
438.0000 0.747808873653412
439.0000 0.74938303232193
440.0000 0.750865161418915
441.0000 0.752259016036987
442.0000 0.753568232059479
443.0000 0.754796504974365
444.0000 0.755947530269623
445.0000 0.757025063037872
446.0000 0.758032739162445
447.0000 0.758974254131317
448.0000 0.759853303432465
449.0000 0.760673582553864
450.0000 0.76143878698349
451.0000 0.762152552604675
452.0000 0.762818694114685
453.0000 0.763440847396851
454.0000 0.764022648334503
455.0000 0.764567852020264
456.0000 0.765080153942108
457.0000 0.765563249588013
458.0000 0.766020774841309
459.0000 0.766456484794617
460.0000 0.766874015331268
461.0000 0.767277121543884
462.0000 0.767669439315796
463.0000 0.768054664134979
464.0000 0.768436551094055
465.0000 0.768818736076355
466.0000 0.7692049741745
467.0000 0.769597411155701
468.0000 0.769996166229248
469.0000 0.770401000976563
470.0000 0.77081173658371
471.0000 0.771228075027466
472.0000 0.771649837493896
473.0000 0.772076845169067
474.0000 0.772508919239044
475.0000 0.772945702075958
476.0000 0.773387134075165
477.0000 0.773832976818085
478.0000 0.774282932281494
479.0000 0.774736881256104
480.0000 0.775194585323334
481.0000 0.775655806064606
482.0000 0.77612030506134
483.0000 0.776587963104248
484.0000 0.77705854177475
485.0000 0.777531802654266
486.0000 0.778007507324219
487.0000 0.778485476970673
488.0000 0.778965532779694
489.0000 0.779447376728058
490.0000 0.779930889606476
491.0000 0.780415832996368
492.0000 0.780901968479156
493.0000 0.781389117240906
494.0000 0.781876981258392
495.0000 0.782365500926971
496.0000 0.782854318618774
497.0000 0.783343315124512
498.0000 0.783832252025604
499.0000 0.784320890903473
500.0000 0.784809052944183
501.0000 0.785296559333801
502.0000 0.785783112049103
503.0000 0.786268532276154
504.0000 0.786752641201019
505.0000 0.787235200405121
506.0000 0.787716031074524
507.0000 0.788194835186005
508.0000 0.788671493530273
509.0000 0.789145767688751
510.0000 0.789617478847504
511.0000 0.790086328983307
512.0000 0.790552139282227
513.0000 0.791014730930328
514.0000 0.791473865509033
515.0000 0.791929304599762
516.0000 0.792380928993225
517.0000 0.792828440666199
518.0000 0.793271660804749
519.0000 0.79371041059494
520.0000 0.79414439201355
521.0000 0.794573485851288
522.0000 0.79499739408493
523.0000 0.795415937900543
524.0000 0.795829057693481
525.0000 0.796237647533417
526.0000 0.796643674373627
527.0000 0.797049105167389
528.0000 0.797455847263336
529.0000 0.797865808010101
530.0000 0.798280954360962
531.0000 0.798703193664551
532.0000 0.79913455247879
533.0000 0.799576818943024
534.0000 0.800032079219818
535.0000 0.800502121448517
536.0000 0.800989031791687
537.0000 0.801494657993317
538.0000 0.802020907402039
539.0000 0.802569806575775
540.0000 0.803143203258514
541.0000 0.803743064403534
542.0000 0.804371416568756
543.0000 0.805030047893524
544.0000 0.805720925331116
545.0000 0.806446075439453
546.0000 0.807207345962524
547.0000 0.808006703853607
548.0000 0.808846116065979
549.0000 0.809727489948273
550.0000 0.810652732849121
551.0000 0.811623811721802
552.0000 0.812642633914948
553.0000 0.813711166381836
554.0000 0.814831376075745
555.0000 0.816005110740662
556.0000 0.817234337329865
557.0000 0.818521022796631
558.0000 0.819867134094238
559.0000 0.821274518966675
560.0000 0.822745144367218
561.0000 0.824280977249146
562.0000 0.82588392496109
563.0000 0.827555954456329
564.0000 0.829298913478851
565.0000 0.831114828586578
566.0000 0.833005666732788
567.0000 0.834972679615021
568.0000 0.837012648582459
569.0000 0.839120149612427
570.0000 0.841289639472961
571.0000 0.843515694141388
572.0000 0.845792829990387
573.0000 0.848115622997284
574.0000 0.85047847032547
575.0000 0.852876007556915
576.0000 0.855302751064301
577.0000 0.857753157615662
578.0000 0.860221862792969
579.0000 0.862703263759613
580.0000 0.86519193649292
581.0000 0.86768239736557
582.0000 0.870169222354889
583.0000 0.872646927833557
584.0000 0.875109970569611
585.0000 0.877552926540375
586.0000 0.87997031211853
587.0000 0.882356703281403
588.0000 0.884706497192383
589.0000 0.887014329433441
590.0000 0.889274716377258
591.0000 0.891482293605804
592.0000 0.893635034561157
593.0000 0.89573347568512
594.0000 0.89777809381485
595.0000 0.89976954460144
596.0000 0.901708424091339
597.0000 0.903595328330994
598.0000 0.905430793762207
599.0000 0.907215476036072
600.0000 0.908949911594391
601.0000 0.910634696483612
602.0000 0.912270426750183
603.0000 0.913857698440552
604.0000 0.915397107601166
605.0000 0.916889190673828
606.0000 0.918334603309631
607.0000 0.919733881950378
608.0000 0.921087682247162
609.0000 0.922396540641785
610.0000 0.92366099357605
611.0000 0.924881756305695
612.0000 0.926059305667877
613.0000 0.92719429731369
614.0000 0.928287327289581
615.0000 0.929338932037354
616.0000 0.930349707603455
617.0000 0.931320250034332
618.0000 0.932251155376434
619.0000 0.933143019676209
620.0000 0.933996438980103
621.0000 0.934811949729919
622.0000 0.935590207576752
623.0000 0.936331808567047
624.0000 0.937037408351898
625.0000 0.937707781791687
626.0000 0.938343644142151
627.0000 0.938945770263672
628.0000 0.939514875411987
629.0000 0.940051734447479
630.0000 0.940557062625885
631.0000 0.941031575202942
632.0000 0.941476047039032
633.0000 0.941891193389893
634.0000 0.942277789115906
635.0000 0.942636489868164
636.0000 0.942968130111694
637.0000 0.943273425102234
638.0000 0.943553030490875
639.0000 0.94380784034729
640.0000 0.944038450717926
641.0000 0.944245636463165
642.0000 0.944430232048035
643.0000 0.944592833518982
644.0000 0.944734275341034
645.0000 0.944855272769928
646.0000 0.944956541061401
647.0000 0.945038855075836
648.0000 0.94510293006897
649.0000 0.945149481296539
650.0000 0.945178985595703
651.0000 0.945191740989685
652.0000 0.945188224315643
653.0000 0.945168793201447
654.0000 0.945133745670319
655.0000 0.945083558559418
656.0000 0.945018529891968
657.0000 0.944939076900482
658.0000 0.94484555721283
659.0000 0.944738388061523
660.0000 0.944617867469788
661.0000 0.944484412670136
662.0000 0.944338440895081
663.0000 0.944180309772491
664.0000 0.944010317325592
665.0000 0.943828940391541
666.0000 0.943636476993561
667.0000 0.943433403968811
668.0000 0.94321995973587
669.0000 0.942996621131897
670.0000 0.94276374578476
671.0000 0.942521691322327
672.0000 0.942270874977112
673.0000 0.942011594772339
674.0000 0.941744327545166
675.0000 0.941469311714172
676.0000 0.941187083721161
677.0000 0.940897881984711
678.0000 0.94060218334198
679.0000 0.940300285816193
680.0000 0.939992666244507
681.0000 0.939679563045502
682.0000 0.93936151266098
683.0000 0.939038693904877
684.0000 0.938711702823639
685.0000 0.938380718231201
686.0000 0.938046276569366
687.0000 0.937708616256714
688.0000 0.937368214130402
689.0000 0.937025427818298
690.0000 0.936680555343628
691.0000 0.936334073543549
692.0000 0.935986340045929
693.0000 0.935637652873993
694.0000 0.935288488864899
695.0000 0.93493914604187
696.0000 0.934590041637421
697.0000 0.934241592884064
698.0000 0.933894038200378
699.0000 0.933547914028168
700.0000 0.933203160762787
701.0000 0.932859838008881
702.0000 0.932517826557159
703.0000 0.932177066802979
704.0000 0.931837439537048
705.0000 0.931498825550079
706.0000 0.931161224842072
707.0000 0.93082457780838
708.0000 0.930488705635071
709.0000 0.930153608322144
710.0000 0.929819166660309
711.0000 0.929485380649567
712.0000 0.929152071475983
713.0000 0.928819179534912
714.0000 0.92848664522171
715.0000 0.928154408931732
716.0000 0.927822351455688
717.0000 0.927490413188934
718.0000 0.92715847492218
719.0000 0.926826536655426
720.0000 0.926494479179382
721.0000 0.926162242889404
722.0000 0.925829708576202
723.0000 0.925496816635132
724.0000 0.925163507461548
725.0000 0.924829661846161
726.0000 0.924495220184326
727.0000 0.924160122871399
728.0000 0.923824310302734
729.0000 0.923487603664398
730.0000 0.92315000295639
731.0000 0.922811388969421
732.0000 0.922471761703491
733.0000 0.922130942344666
734.0000 0.921788930892944
735.0000 0.921445608139038
736.0000 0.921100854873657
737.0000 0.920754671096802
738.0000 0.920406997203827
739.0000 0.920057594776154
740.0000 0.919706583023071
741.0000 0.919353723526001
742.0000 0.918999075889587
743.0000 0.918642401695251
744.0000 0.918283820152283
745.0000 0.917923331260681
746.0000 0.917561233043671
747.0000 0.917197585105896
748.0000 0.916832685470581
749.0000 0.916466653347015
750.0000 0.916099727153778
751.0000 0.915732026100159
752.0000 0.915363788604736
753.0000 0.914995133876801
754.0000 0.914626359939575
755.0000 0.91425758600235
756.0000 0.913888931274414
757.0000 0.913520753383636
758.0000 0.913153052330017
759.0000 0.91278612613678
760.0000 0.912420153617859
761.0000 0.912055253982544
762.0000 0.911691665649414
763.0000 0.911329567432404
764.0000 0.910969138145447
765.0000 0.910610616207123
766.0000 0.910254120826721
767.0000 0.909899830818176
768.0000 0.909547984600067
769.0000 0.909198701381683
770.0000 0.908852219581604
771.0000 0.908508718013763
772.0000 0.908168375492096
773.0000 0.907831430435181
774.0000 0.907497942447662
775.0000 0.907168209552765
776.0000 0.906842291355133
777.0000 0.906520128250122
778.0000 0.906201660633087
779.0000 0.905886828899384
780.0000 0.905575573444366
781.0000 0.905267775058746
782.0000 0.904963433742523
783.0000 0.904662489891052
784.0000 0.904364764690399
785.0000 0.904070317745209
786.0000 0.903779029846191
787.0000 0.903490781784058
788.0000 0.903205633163452
789.0000 0.902923405170441
790.0000 0.902644038200378
791.0000 0.902367472648621
792.0000 0.902093708515167
793.0000 0.901822626590729
794.0000 0.901554107666016
795.0000 0.901288211345673
796.0000 0.901024758815765
797.0000 0.900763690471649
798.0000 0.900505006313324
799.0000 0.9002485871315
800.0000 0.899994373321533
801.0000 0.899742245674133
802.0000 0.899492263793945
803.0000 0.899244248867035
804.0000 0.898998200893402
805.0000 0.898754000663757
806.0000 0.898511648178101
807.0000 0.898270964622498
808.0000 0.898032009601593
809.0000 0.897794604301453
810.0000 0.897558748722076
811.0000 0.89732438325882
812.0000 0.897091388702393
813.0000 0.896859705448151
814.0000 0.896629273891449
815.0000 0.896400094032288
816.0000 0.896171987056732
817.0000 0.895944952964783
818.0000 0.89571887254715
819.0000 0.895493745803833
820.0000 0.895269513130188
821.0000 0.89504599571228
822.0000 0.894823253154755
823.0000 0.894601106643677
824.0000 0.894379556179047
825.0000 0.894158542156219
826.0000 0.893937945365906
827.0000 0.893717765808105
828.0000 0.893497884273529
829.0000 0.893278241157532
830.0000 0.893058776855469
831.0000 0.892839431762695
832.0000 0.892620086669922
833.0000 0.892400741577148
834.0000 0.892181277275085
835.0000 0.891961693763733
836.0000 0.891741991043091
837.0000 0.891522169113159
838.0000 0.891302466392517
839.0000 0.89108282327652
840.0000 0.890863358974457
841.0000 0.890644192695618
842.0000 0.890425384044647
843.0000 0.89020699262619
844.0000 0.889989137649536
845.0000 0.889771819114685
846.0000 0.889555215835571
847.0000 0.889339327812195
848.0000 0.88912433385849
849.0000 0.888910174369812
850.0000 0.888697028160095
851.0000 0.888485014438629
852.0000 0.888274073600769
853.0000 0.888064384460449
854.0000 0.887856006622314
855.0000 0.887649059295654
856.0000 0.887443542480469
857.0000 0.887239575386047
858.0000 0.88703727722168
859.0000 0.886836647987366
860.0000 0.886637806892395
861.0000 0.886440873146057
862.0000 0.886245846748352
863.0000 0.886052906513214
864.0000 0.885861992835999
865.0000 0.885673344135284
866.0000 0.885486960411072
867.0000 0.885302901268005
868.0000 0.885121285915375
869.0000 0.884942173957825
870.0000 0.884765625
871.0000 0.884591817855835
872.0000 0.884420692920685
873.0000 0.884252429008484
874.0000 0.884087085723877
875.0000 0.883924722671509
876.0000 0.883765399456024
877.0000 0.883609294891357
878.0000 0.883456349372864
879.0000 0.883306741714478
880.0000 0.883160531520844
881.0000 0.883017778396606
882.0000 0.882878601551056
883.0000 0.882743060588837
884.0000 0.882611215114594
885.0000 0.882483124732971
886.0000 0.882358908653259
887.0000 0.882238686084747
888.0000 0.882122457027435
889.0000 0.882010400295258
890.0000 0.881902456283569
891.0000 0.881798803806305
892.0000 0.881699562072754
893.0000 0.881604671478271
894.0000 0.881514310836792
895.0000 0.88142853975296
896.0000 0.881347477436066
897.0000 0.881271123886108
898.0000 0.881199598312378
899.0000 0.881133019924164
900.0000 0.881071388721466
901.0000 0.881014883518219
902.0000 0.880963504314423
903.0000 0.880917310714722
904.0000 0.880876481533051
905.0000 0.880841016769409
906.0000 0.880811035633087
907.0000 0.880786597728729
908.0000 0.88076776266098
909.0000 0.88075464963913
910.0000 0.880747318267822
911.0000 0.880745530128479
912.0000 0.8807492852211
913.0000 0.880758345127106
914.0000 0.880772650241852
915.0000 0.880792021751404
916.0000 0.880816400051117
917.0000 0.880845546722412
918.0000 0.880879461765289
919.0000 0.880917966365814
920.0000 0.880960881710052
921.0000 0.881008088588715
922.0000 0.881059527397156
923.0000 0.881114959716797
924.0000 0.881174385547638
925.0000 0.8812375664711
926.0000 0.881304442882538
927.0000 0.881374835968018
928.0000 0.88144862651825
929.0000 0.881525695323944
930.0000 0.881605923175812
931.0000 0.881689131259918
932.0000 0.881775259971619
933.0000 0.881864190101624
934.0000 0.881955683231354
935.0000 0.882049679756165
936.0000 0.882146060466766
937.0000 0.882244646549225
938.0000 0.882345378398895
939.0000 0.882448077201843
940.0000 0.882552623748779
941.0000 0.882658898830414
942.0000 0.882766783237457
943.0000 0.882876098155975
944.0000 0.882986724376678
945.0000 0.883098542690277
946.0000 0.883211493492126
947.0000 0.883325338363647
948.0000 0.883440017700195
949.0000 0.883555352687836
950.0000 0.883671224117279
951.0000 0.883787512779236
952.0000 0.883904159069061
953.0000 0.884020924568176
954.0000 0.884137690067291
955.0000 0.884254395961761
956.0000 0.884370863437653
957.0000 0.884486973285675
958.0000 0.884602606296539
959.0000 0.884717583656311
960.0000 0.884831845760345
961.0000 0.884945213794708
962.0000 0.88505756855011
963.0000 0.885168790817261
964.0000 0.885278761386871
965.0000 0.885387361049652
966.0000 0.885494351387024
967.0000 0.885599732398987
968.0000 0.885703325271606
969.0000 0.885805010795593
970.0000 0.885904669761658
971.0000 0.886002123355865
972.0000 0.886097252368927
973.0000 0.886189997196198
974.0000 0.886280119419098
975.0000 0.886367559432983
976.0000 0.886452198028564
977.0000 0.886533915996552
978.0000 0.88661253452301
979.0000 0.886688113212585
980.0000 0.886760473251343
981.0000 0.886829555034637
982.0000 0.886895298957825
983.0000 0.886957585811615
984.0000 0.887016355991364
985.0000 0.887071490287781
986.0000 0.887122988700867
987.0000 0.887170732021332
988.0000 0.887214601039886
989.0000 0.887254595756531
990.0000 0.88729053735733
991.0000 0.88732236623764
992.0000 0.887350082397461
993.0000 0.887373507022858
994.0000 0.887392580509186
995.0000 0.887407243251801
996.0000 0.887417435646057
997.0000 0.887423038482666
998.0000 0.887423932552338
999.0000 0.887420117855072
1000.0000 0.88741147518158
1001.0000 0.887397944927216
1002.0000 0.88737940788269
1003.0000 0.887355744838715
1004.0000 0.887327015399933
1005.0000 0.887292981147766
1006.0000 0.887253642082214
1007.0000 0.887208938598633
1008.0000 0.887158691883087
1009.0000 0.887102901935577
1010.0000 0.887041509151459
1011.0000 0.886974334716797
1012.0000 0.886901378631592
1013.0000 0.886822521686554
1014.0000 0.886737704277039
1015.0000 0.886646807193756
1016.0000 0.886549770832062
1017.0000 0.886446535587311
1018.0000 0.886336982250214
1019.0000 0.886221051216125
1020.0000 0.886098682880402
1021.0000 0.885969758033752
1022.0000 0.885834157466888
1023.0000 0.88569188117981
1024.0000 0.885542809963226
1025.0000 0.885386884212494
1026.0000 0.885223984718323
1027.0000 0.885054051876068
1028.0000 0.884877026081085
1029.0000 0.88469272851944
