300.0000 0
301.0000 0
302.0000 0
303.0000 0
304.0000 0
305.0000 0
306.0000 0
307.0000 0
308.0000 0
309.0000 0
310.0000 0
311.0000 0
312.0000 0
313.0000 0
314.0000 0
315.0000 0
316.0000 0
317.0000 0
318.0000 0
319.0000 0
320.0000 0
321.0000 0
322.0000 0
323.0000 0
324.0000 0
325.0000 0
326.0000 0
327.0000 0
328.0000 0
329.0000 0
330.0000 0
331.0000 0
332.0000 0
333.0000 0
334.0000 0
335.0000 4.19697473118524E-14
336.0000 1.61500099318118E-12
337.0000 4.75690285772767E-11
338.0000 1.09300601902618E-09
339.0000 1.96129796847799E-08
340.0000 2.75078519962335E-07
341.0000 3.01885575026972E-06
342.0000 2.59621647273889E-05
343.0000 0.000175312859937549
344.0000 0.0009320376557298
345.0000 0.00391577091068029
346.0000 0.0130686275660992
347.0000 0.0349054411053658
348.0000 0.0754137709736824
349.0000 0.133853062987328
350.0000 0.199533730745316
351.0000 0.257376134395599
352.0000 0.297748744487762
353.0000 0.31997686624527
354.0000 0.327702939510345
355.0000 0.32439911365509
356.0000 0.314020454883575
357.0000 0.302719503641129
358.0000 0.296748995780945
359.0000 0.298448890447617
360.0000 0.305694162845612
361.0000 0.315520226955414
362.0000 0.327092170715332
363.0000 0.340960174798965
364.0000 0.356858909130096
365.0000 0.372929036617279
366.0000 0.386547386646271
367.0000 0.395816951990128
368.0000 0.400409162044525
369.0000 0.400749802589417
370.0000 0.396813362836838
371.0000 0.38859224319458
372.0000 0.377710789442062
373.0000 0.368089228868484
374.0000 0.36477056145668
375.0000 0.371175825595856
376.0000 0.386096864938736
377.0000 0.403145492076874
378.0000 0.41411417722702
379.0000 0.413606464862823
380.0000 0.401062816381454
381.0000 0.380162984132767
382.0000 0.35787633061409
383.0000 0.342441767454147
384.0000 0.338974595069885
385.0000 0.346428394317627
386.0000 0.360103040933609
387.0000 0.376618176698685
388.0000 0.394908517599106
389.0000 0.412654668092728
390.0000 0.423970997333527
391.0000 0.423130750656128
392.0000 0.411413222551346
393.0000 0.398322522640228
394.0000 0.394181191921234
395.0000 0.403306275606155
396.0000 0.426130533218384
397.0000 0.463768541812897
398.0000 0.515355587005615
399.0000 0.573112428188324
400.0000 0.625158429145813
401.0000 0.663262248039246
402.0000 0.686097204685211
403.0000 0.696700394153595
404.0000 0.699329972267151
405.0000 0.698355972766876
406.0000 0.697826385498047
407.0000 0.700381934642792
408.0000 0.706521272659302
409.0000 0.715585649013519
410.0000 0.727227389812469
411.0000 0.74114602804184
412.0000 0.755878925323486
413.0000 0.768983662128448
414.0000 0.778371930122375
415.0000 0.783190310001373
416.0000 0.784091293811798
417.0000 0.783113718032837
418.0000 0.782792389392853
419.0000 0.784657061100006
420.0000 0.788150131702423
421.0000 0.791101634502411
422.0000 0.791780173778534
423.0000 0.790418982505798
424.0000 0.788197934627533
425.0000 0.78493458032608
426.0000 0.778286993503571
427.0000 0.765420019626617
428.0000 0.746526122093201
429.0000 0.727905571460724
430.0000 0.719904839992523
431.0000 0.728618204593658
432.0000 0.749928832054138
433.0000 0.774396955966949
434.0000 0.796757102012634
435.0000 0.817333579063416
436.0000 0.836461246013641
437.0000 0.852738797664642
438.0000 0.866418600082397
439.0000 0.880476415157318
440.0000 0.897363781929016
441.0000 0.916129052639008
442.0000 0.932977139949799
443.0000 0.944185316562653
444.0000 0.948958218097687
445.0000 0.950418710708618
446.0000 0.953852653503418
447.0000 0.963027834892273
448.0000 0.97751772403717
449.0000 0.993249416351318
450.0000 1.00524890422821
451.0000 1.01055240631104
452.0000 1.01013123989105
453.0000 1.00830495357513
454.0000 1.00922906398773
455.0000 1.01365625858307
456.0000 1.0192803144455
457.0000 1.02360486984253
458.0000 1.02598035335541
459.0000 1.02731776237488
460.0000 1.02845585346222
461.0000 1.02900850772858
462.0000 1.02775156497955
463.0000 1.02397918701172
464.0000 1.01829755306244
465.0000 1.01212358474731
466.0000 1.00669145584106
467.0000 1.00263428688049
468.0000 1.00019907951355
469.0000 0.999646842479706
470.0000 1.00149166584015
471.0000 1.00616598129272
472.0000 1.01323509216309
473.0000 1.02113556861877
474.0000 1.02792251110077
475.0000 1.03238832950592
476.0000 1.03466951847076
477.0000 1.03588998317719
478.0000 1.03716218471527
479.0000 1.03876566886902
480.0000 1.03977560997009
481.0000 1.03797113895416
482.0000 1.03033983707428
483.0000 1.01468825340271
484.0000 0.992107152938843
485.0000 0.968530297279358
486.0000 0.952645838260651
487.0000 0.950120329856873
488.0000 0.959187865257263
489.0000 0.972353100776672
490.0000 0.982395112514496
491.0000 0.987021148204803
492.0000 0.988780915737152
493.0000 0.991155326366425
494.0000 0.994911193847656
495.0000 0.998061001300812
496.0000 0.998389482498169
497.0000 0.995187282562256
498.0000 0.989011764526367
499.0000 0.980925798416138
500.0000 0.972458720207214
501.0000 0.965788722038269
502.0000 0.963121831417084
503.0000 0.965331375598907
504.0000 0.970856010913849
505.0000 0.975927531719208
506.0000 0.976791858673096
507.0000 0.972809493541718
508.0000 0.967200458049774
509.0000 0.96395468711853
510.0000 0.964009344577789
511.0000 0.964640200138092
512.0000 0.962190568447113
513.0000 0.954935133457184
514.0000 0.943439126014709
515.0000 0.929479539394379
516.0000 0.916154205799103
517.0000 0.908040225505829
518.0000 0.908486306667328
519.0000 0.916313052177429
520.0000 0.926754832267761
521.0000 0.935708940029144
522.0000 0.942089021205902
523.0000 0.946373343467712
524.0000 0.948300957679749
525.0000 0.947263717651367
526.0000 0.944859862327576
527.0000 0.945101261138916
528.0000 0.950504422187805
529.0000 0.958838880062103
530.0000 0.965006768703461
531.0000 0.965770423412323
532.0000 0.962359607219696
533.0000 0.959090173244476
534.0000 0.959495663642883
535.0000 0.96340548992157
536.0000 0.967649638652802
537.0000 0.969118654727936
538.0000 0.966840028762817
539.0000 0.962113320827484
540.0000 0.957719147205353
541.0000 0.956478416919708
542.0000 0.959498345851898
543.0000 0.965565502643585
544.0000 0.972242414951324
545.0000 0.977394700050354
546.0000 0.980039119720459
547.0000 0.980539798736572
548.0000 0.980242609977722
549.0000 0.980455338954926
550.0000 0.981488943099976
551.0000 0.982832372188568
552.0000 0.984113276004791
553.0000 0.985311448574066
554.0000 0.985887050628662
555.0000 0.98438560962677
556.0000 0.979653418064117
557.0000 0.972488641738892
558.0000 0.965717852115631
559.0000 0.962376892566681
560.0000 0.963585019111633
561.0000 0.967878460884094
562.0000 0.972351372241974
563.0000 0.974542081356049
564.0000 0.973850429058075
565.0000 0.971719563007355
566.0000 0.970286548137665
567.0000 0.970497846603394
568.0000 0.971727013587952
569.0000 0.973382830619812
570.0000 0.976304709911346
571.0000 0.98189902305603
572.0000 0.990027070045471
573.0000 0.998430192470551
574.0000 1.00451469421387
575.0000 1.0073516368866
576.0000 1.0078467130661
577.0000 1.00758266448975
578.0000 1.00792157649994
579.0000 1.00974345207214
580.0000 1.01324915885925
581.0000 1.01771688461304
582.0000 1.02162778377533
583.0000 1.02336001396179
584.0000 1.02208161354065
585.0000 1.01805555820465
586.0000 1.01204323768616
587.0000 1.00487101078033
588.0000 0.998169898986816
589.0000 0.994817674160004
590.0000 0.997038185596466
591.0000 1.00392436981201
592.0000 1.01198887825012
593.0000 1.01822102069855
594.0000 1.02189481258392
595.0000 1.02378678321838
596.0000 1.02462184429169
597.0000 1.02444052696228
598.0000 1.02299296855927
599.0000 1.02043163776398
600.0000 1.0176717042923
601.0000 1.01618254184723
602.0000 1.01718211174011
603.0000 1.02065241336823
604.0000 1.02513515949249
605.0000 1.02872753143311
606.0000 1.03034591674805
607.0000 1.03009605407715
608.0000 1.02871477603912
609.0000 1.02680611610413
610.0000 1.02440655231476
611.0000 1.0210874080658
612.0000 1.01653182506561
613.0000 1.01109957695007
614.0000 1.00580394268036
615.0000 1.00181460380554
616.0000 1.00007569789886
617.0000 1.00104200839996
618.0000 1.00424182415009
619.0000 1.00810968875885
620.0000 1.01062202453613
621.0000 1.01036512851715
622.0000 1.00731635093689
623.0000 1.00292658805847
624.0000 0.999385356903076
625.0000 0.998365342617035
626.0000 0.999999225139618
627.0000 1.00283920764923
628.0000 1.00487673282623
629.0000 1.00483024120331
630.0000 1.00273466110229
631.0000 0.99959933757782
632.0000 0.996612131595612
633.0000 0.994470775127411
634.0000 0.993223607540131
635.0000 0.992592036724091
636.0000 0.992217063903809
637.0000 0.991502523422241
638.0000 0.989611387252808
639.0000 0.98612916469574
640.0000 0.981724679470062
641.0000 0.97780179977417
642.0000 0.975387454032898
643.0000 0.974462747573853
644.0000 0.974302411079407
645.0000 0.974203050136566
646.0000 0.97375613451004
647.0000 0.972626149654388
648.0000 0.970520198345184
649.0000 0.967602849006653
650.0000 0.964485585689545
651.0000 0.961143016815186
652.0000 0.955899238586426
653.0000 0.946215033531189
654.0000 0.93127566576004
655.0000 0.914301097393036
656.0000 0.901797115802765
657.0000 0.899109840393066
658.0000 0.906067192554474
659.0000 0.917419373989105
660.0000 0.927365481853485
661.0000 0.933044493198395
662.0000 0.934508860111237
663.0000 0.933127641677856
664.0000 0.930479943752289
665.0000 0.927861034870148
666.0000 0.926079988479614
667.0000 0.925494611263275
668.0000 0.926069140434265
669.0000 0.927350342273712
670.0000 0.928621649742126
671.0000 0.92927610874176
672.0000 0.929040253162384
673.0000 0.927896857261658
674.0000 0.925938844680786
675.0000 0.923279464244843
676.0000 0.919961512088776
677.0000 0.915950834751129
678.0000 0.911345303058624
679.0000 0.90662556886673
680.0000 0.90256267786026
681.0000 0.8997563123703
682.0000 0.898302018642426
683.0000 0.897911787033081
684.0000 0.898178815841675
685.0000 0.89864045381546
686.0000 0.898732662200928
687.0000 0.897852301597595
688.0000 0.895577609539032
689.0000 0.891932487487793
690.0000 0.887475252151489
691.0000 0.883106589317322
692.0000 0.879692494869232
693.0000 0.877668738365173
694.0000 0.876826822757721
695.0000 0.876448571681976
696.0000 0.875743508338928
697.0000 0.874308109283447
698.0000 0.872241497039795
699.0000 0.869854807853699
700.0000 0.867422878742218
701.0000 0.865274310112
702.0000 0.863806545734406
703.0000 0.863095283508301
704.0000 0.862593412399292
705.0000 0.861464560031891
706.0000 0.859205186367035
707.0000 0.855840861797333
708.0000 0.851664245128632
709.0000 0.847002029418945
710.0000 0.842146873474121
711.0000 0.83730137348175
712.0000 0.832573592662811
713.0000 0.828089356422424
714.0000 0.824074983596802
715.0000 0.820723295211792
716.0000 0.817903995513916
717.0000 0.815160930156708
718.0000 0.812214970588684
719.0000 0.809362053871155
720.0000 0.807165622711182
721.0000 0.805837213993073
722.0000 0.805027663707733
723.0000 0.804141879081726
724.0000 0.802775263786316
725.0000 0.800814568996429
726.0000 0.79818594455719
727.0000 0.79481965303421
728.0000 0.791058123111725
729.0000 0.787780404090881
730.0000 0.785768985748291
731.0000 0.785060107707977
732.0000 0.785036444664001
733.0000 0.784930050373077
734.0000 0.784126162528992
735.0000 0.782224178314209
736.0000 0.779039144515991
737.0000 0.774657428264618
738.0000 0.769586682319641
739.0000 0.764770925045013
740.0000 0.7612184882164
741.0000 0.75949090719223
742.0000 0.759462773799896
743.0000 0.760445892810822
744.0000 0.761602342128754
745.0000 0.762357831001282
746.0000 0.762410581111908
747.0000 0.761494636535645
748.0000 0.759446561336517
749.0000 0.756545722484589
750.0000 0.753561079502106
751.0000 0.751287281513214
752.0000 0.749986410140991
753.0000 0.74927282333374
754.0000 0.748510956764221
755.0000 0.747272133827209
756.0000 0.745427072048187
757.0000 0.742955029010773
758.0000 0.739843964576721
759.0000 0.736202359199524
760.0000 0.732384026050568
761.0000 0.72889769077301
762.0000 0.726010918617249
763.0000 0.723365366458893
764.0000 0.720269680023193
765.0000 0.716611742973328
766.0000 0.713193714618683
767.0000 0.710862994194031
768.0000 0.709578216075897
769.0000 0.708619296550751
770.0000 0.707415997982025
771.0000 0.705821454524994
772.0000 0.703811764717102
773.0000 0.701372146606445
774.0000 0.698723375797272
775.0000 0.696306347846985
776.0000 0.694323182106018
777.0000 0.69250363111496
778.0000 0.690528929233551
779.0000 0.688482761383057
780.0000 0.686671733856201
781.0000 0.685143411159515
782.0000 0.683594465255737
783.0000 0.681752502918243
784.0000 0.679733633995056
785.0000 0.67798113822937
786.0000 0.676874876022339
787.0000 0.676363527774811
788.0000 0.675893008708954
789.0000 0.674671530723572
790.0000 0.672114968299866
791.0000 0.668249070644379
792.0000 0.663846075534821
793.0000 0.660110652446747
794.0000 0.657983124256134
795.0000 0.657516300678253
796.0000 0.657858610153198
797.0000 0.657908260822296
798.0000 0.657092750072479
799.0000 0.655624449253082
800.0000 0.654070317745209
801.0000 0.652712166309357
802.0000 0.651371121406555
803.0000 0.649806976318359
804.0000 0.648107767105103
805.0000 0.646580159664154
806.0000 0.645353078842163
807.0000 0.644269943237305
808.0000 0.643223524093628
809.0000 0.642440140247345
810.0000 0.642249643802643
811.0000 0.642601609230042
812.0000 0.64295494556427
813.0000 0.642667293548584
814.0000 0.641396164894104
815.0000 0.63911771774292
816.0000 0.635906040668488
817.0000 0.631857454776764
818.0000 0.627268016338348
819.0000 0.622792303562164
820.0000 0.619279623031616
821.0000 0.617314994335175
822.0000 0.616842210292816
823.0000 0.61724317073822
824.0000 0.61780834197998
825.0000 0.618105232715607
826.0000 0.617929995059967
827.0000 0.617099940776825
828.0000 0.615450859069824
829.0000 0.612963616847992
830.0000 0.609777927398682
831.0000 0.606150507926941
832.0000 0.60253894329071
833.0000 0.599637448787689
834.0000 0.59800124168396
835.0000 0.597471594810486
836.0000 0.597187995910645
837.0000 0.596378684043884
838.0000 0.595016539096832
839.0000 0.5935218334198
840.0000 0.591991901397705
841.0000 0.590096712112427
842.0000 0.587754249572754
843.0000 0.585474789142609
844.0000 0.583715677261353
845.0000 0.582043647766113
846.0000 0.579208076000214
847.0000 0.574110567569733
848.0000 0.566772520542145
849.0000 0.558444082736969
850.0000 0.550503492355347
851.0000 0.543111205101013
852.0000 0.535673081874847
853.0000 0.529064178466797
854.0000 0.526237010955811
855.0000 0.529458165168762
856.0000 0.537528872489929
857.0000 0.54668128490448
858.0000 0.55382639169693
859.0000 0.558320224285126
860.0000 0.561091423034668
861.0000 0.562833786010742
862.0000 0.563030600547791
863.0000 0.560474157333374
864.0000 0.55489718914032
865.0000 0.548208236694336
866.0000 0.543678998947144
867.0000 0.543497860431671
868.0000 0.54724907875061
869.0000 0.552738189697266
870.0000 0.557678461074829
871.0000 0.560482263565063
872.0000 0.56036639213562
873.0000 0.557576417922974
874.0000 0.553496956825256
875.0000 0.549960315227509
876.0000 0.547969996929169
877.0000 0.547013640403748
878.0000 0.545721113681793
879.0000 0.543226897716522
880.0000 0.539923250675201
881.0000 0.536958158016205
882.0000 0.535059988498688
883.0000 0.533913314342499
884.0000 0.532665431499481
885.0000 0.530915856361389
886.0000 0.529146313667297
887.0000 0.528192400932312
888.0000 0.528300583362579
889.0000 0.528764486312866
890.0000 0.528524339199066
891.0000 0.527064561843872
892.0000 0.524745464324951
893.0000 0.52239602804184
894.0000 0.520637810230255
895.0000 0.519496560096741
896.0000 0.518483698368073
897.0000 0.516929507255554
898.0000 0.514331340789795
899.0000 0.510707318782806
900.0000 0.506885290145874
901.0000 0.50428718328476
902.0000 0.503955960273743
903.0000 0.505562603473663
904.0000 0.507508635520935
905.0000 0.508110165596008
906.0000 0.506678640842438
907.0000 0.503690242767334
908.0000 0.500297248363495
909.0000 0.497689098119736
910.0000 0.496546477079391
911.0000 0.496800303459167
912.0000 0.497795909643173
913.0000 0.498689621686935
914.0000 0.498868584632874
915.0000 0.498208045959473
916.0000 0.496965140104294
917.0000 0.49538242816925
918.0000 0.493371188640594
919.0000 0.490560859441757
920.0000 0.486713081598282
921.0000 0.482192754745483
922.0000 0.478017002344131
923.0000 0.475297152996063
924.0000 0.474539339542389
925.0000 0.47547310590744
926.0000 0.477412104606628
927.0000 0.479596614837646
928.0000 0.481359213590622
929.0000 0.482331156730652
930.0000 0.482560634613037
931.0000 0.482309609651566
932.0000 0.48174312710762
933.0000 0.480857878923416
934.0000 0.479660719633102
935.0000 0.478316277265549
936.0000 0.477011263370514
937.0000 0.47565034031868
938.0000 0.473814398050308
939.0000 0.471172511577606
940.0000 0.467969626188278
941.0000 0.465026706457138
942.0000 0.463165700435638
943.0000 0.462638318538666
944.0000 0.463125973939896
945.0000 0.464127153158188
946.0000 0.465196996927261
947.0000 0.465956300497055
948.0000 0.466106384992599
949.0000 0.465486824512482
950.0000 0.464057475328445
951.0000 0.46180072426796
952.0000 0.458725959062576
953.0000 0.455134153366089
954.0000 0.451877415180206
955.0000 0.450039237737656
956.0000 0.450076401233673
957.0000 0.451359629631042
958.0000 0.45269438624382
959.0000 0.453205406665802
960.0000 0.452709674835205
961.0000 0.451484590768814
962.0000 0.449893802404404
963.0000 0.448217272758484
964.0000 0.446675956249237
965.0000 0.445469945669174
966.0000 0.444725871086121
967.0000 0.444404661655426
968.0000 0.444293767213821
969.0000 0.444112509489059
970.0000 0.44362735748291
971.0000 0.442712038755417
972.0000 0.441396534442902
973.0000 0.439903914928436
974.0000 0.438557654619217
975.0000 0.437544882297516
976.0000 0.436779022216797
977.0000 0.436060726642609
978.0000 0.435348719358444
979.0000 0.434793651103973
980.0000 0.434495627880096
981.0000 0.434307098388672
982.0000 0.433942884206772
983.0000 0.433244049549103
984.0000 0.432259052991867
985.0000 0.431098371744156
986.0000 0.429803431034088
987.0000 0.428387075662613
988.0000 0.426965057849884
989.0000 0.425784081220627
990.0000 0.425054043531418
991.0000 0.424746543169022
992.0000 0.424606621265411
993.0000 0.424363195896149
994.0000 0.423896700143814
995.0000 0.423232525587082
996.0000 0.422439008951187
997.0000 0.421556323766708
998.0000 0.420596033334732
999.0000 0.419538766145706
1000.0000 0.418249875307083
1001.0000 0.416400223970413
1002.0000 0.413629293441772
1003.0000 0.410013645887375
1004.0000 0.406425952911377
1005.0000 0.404179215431213
1006.0000 0.404022961854935
1007.0000 0.405489951372147
1008.0000 0.407341718673706
1009.0000 0.408560007810593
1010.0000 0.408838182687759
1011.0000 0.408358931541443
1012.0000 0.407388478517532
1013.0000 0.406100958585739
1014.0000 0.404621958732605
1015.0000 0.40309202671051
1016.0000 0.401629239320755
1017.0000 0.400264322757721
1018.0000 0.398980408906937
1019.0000 0.397820055484772
1020.0000 0.396907240152359
1021.0000 0.396362215280533
1022.0000 0.396202862262726
1023.0000 0.39629140496254
1024.0000 0.3963643014431
1025.0000 0.396153330802917
1026.0000 0.395501762628555
1027.0000 0.394400477409363
1028.0000 0.392987847328186
1029.0000 0.391529142856598
