# 1 C:\Daten\Python\Sipeng\lamp_video\cal1_peak.fit
   19.21   552.00     3.87     4.05     0.00
  323.68   547.91     2.45     2.50   404.66
  346.63   548.13     3.48     3.81   435.83
  426.68   548.20     4.19     3.48   546.08
  450.10   548.63     4.45     2.71   578.11
  537.28   551.51     1.82     2.01   696.54
  624.11   556.43     1.93     2.73   809.31
  672.40   559.00     2.44     2.63   871.67
    0.00     0.00     0.00     0.00     0.00
# 2 C:\Daten\Python\Sipeng\lamp_video\cal1_peak.fit
   11.56    35.33     4.04     3.59     0.00
  316.31    45.63     2.57     2.56   404.66
  338.97    46.46     3.42     3.40   435.83
  418.75    48.26     4.76     4.51   546.08
  441.98    48.53     4.55     3.52   578.11
  529.06    48.25     1.87     1.92   696.54
  615.11    46.34     1.95     2.83   809.31
  662.54    45.32     2.57     2.19   871.67
    0.00     0.00     0.00     0.00     0.00
# 1 C:\Daten\Python\Sipeng\lamp_video\cal1_peak.fit
   21.91   441.21     3.93     4.22     0.00
  322.45   440.99     2.56     2.88   404.66
  345.03   441.47     3.62     3.48   435.83
  424.53   441.48     4.29     3.53   546.08
  447.66   441.90     4.52     2.85   578.11
  534.05   443.97     1.92     2.11   696.54
  619.60   447.03     2.08     2.80   809.31
  666.95   448.63     2.45     2.13   871.67
    0.00     0.00     0.00     0.00     0.00
# 2 C:\Daten\Python\Sipeng\lamp_video\cal1_peak.fit
   21.63   301.12     4.02     4.11     0.00
  320.55   304.29     2.64     3.40   404.66
  342.97   304.53     3.46     3.77   435.83
  421.90   305.18     4.28     4.08   546.08
  445.08   305.63     4.42     3.18   578.11
  531.16   306.84     1.88     2.18   696.54
  616.14   308.25     1.70     2.85   809.31
  662.51   308.78     2.30     2.36   871.67
    0.00     0.00     0.00     0.00     0.00
# 3 C:\Daten\Python\Sipeng\lamp_video\cal1_peak.fit
   17.01   136.84     4.05     3.96     0.00
  317.66   143.84     2.55     2.97   404.66
  340.21   143.89     3.39     3.42   435.83
  419.58   145.74     4.70     4.14   546.08
  442.76   145.97     4.68     3.28   578.11
  529.10   146.31     1.89     2.12   696.54
  614.36   145.74     1.76     2.52   809.31
  661.38   145.45     2.30     1.94   871.67
    0.00     0.00     0.00     0.00     0.00
    0.00     0.00     0.00     0.00     0.00
    0.00     0.00     0.00     0.00     0.00
    0.00     0.00     0.00     0.00     0.00
    0.00     0.00     0.00     0.00     0.00
    0.00     0.00     0.00     0.00     0.00
