# 1
   40.30   540.48     4.33     6.46     0.00
  251.81   535.69     3.91     4.33   405.00
  458.63   533.89     3.97     4.75   810.00
  672.12   536.07     6.28     6.17  1215.00
    0.00     0.00     0.00     0.00     0.00
# 2
   40.84   308.04     3.45     4.98     0.00
  251.01   307.05     4.82     6.66   405.00
  455.05   305.97     4.25     6.27   810.00
  666.76   303.64     3.64     3.84  1215.00
    0.00     0.00     0.00     0.00     0.00
# 3
   38.80    51.05     5.95     7.08     0.00
  251.52    55.64     3.78     4.67   405.00
  458.53    54.31     4.17     6.07   810.00
  672.55    46.99     5.96     5.76  1215.00
    0.00     0.00     0.00     0.00     0.00
# 2
   46.07   442.10     3.50     5.42     0.00
  256.12   438.86     3.75     4.87   405.00
  461.68   437.10     3.98     5.95   810.00
  673.80   438.04     3.75     4.61  1215.00
    0.00     0.00     0.00     0.00     0.00
# 3
   29.91   376.20     3.73     5.27     0.00
  240.40   373.82     3.76     5.48   405.00
  444.92   371.81     4.27     7.26   810.00
  656.13   371.88     3.48     3.93  1215.00
    0.00     0.00     0.00     0.00     0.00
# 1
   40.70   233.35     3.29     4.94     0.00
  251.76   234.63     5.44     7.54   405.00
  455.69   232.81     4.01     6.60   810.00
  667.64   228.76     4.33     4.82  1215.00
    0.00     0.00     0.00     0.00     0.00
# 2
   40.28   164.32     3.93     5.25     0.00
  251.50   167.78     4.91     7.33   405.00
  456.15   165.89     4.26     7.47   810.00
  668.87   160.05     4.35     5.27  1215.00
    0.00     0.00     0.00     0.00     0.00
# 3
   39.86   113.08     4.33     5.81     0.00
  251.33   117.32     3.75     6.97   405.00
  457.10   115.69     4.30     6.66   810.00
  670.16   108.91     4.27     4.77  1215.00
    0.00     0.00     0.00     0.00     0.00
# 0 calib\caladd9.fit
   39.98   500.37     3.85     5.87     0.00
  250.68   495.94     3.60     4.93   405.00
  456.95   494.10     3.32     5.21   810.00
  669.80   495.89     4.31     4.55  1215.00
    0.00     0.00     0.00     0.00     0.00
    0.00     0.00     0.00     0.00     0.00

    0.00     0.00     0.00     0.00     0.00
    0.00     0.00     0.00     0.00     0.00
