# 1
   31.19   447.05    19.28    17.92     0.00
  358.50   441.35    31.96    37.36   404.66
  382.85   441.64    23.81    22.62   435.83
  468.99   441.17    23.60    23.32   546.08
  494.52   441.67    26.94    27.90   578.11
    0.00     0.00     0.00     0.00     0.00
# 2
  242.10   391.02    14.63    17.84     0.00
  559.94   391.12    28.31    33.23   404.66
  584.16   392.58    22.51    21.35   435.83
  673.59   394.19    20.63    20.59   546.08
  700.25   393.71    43.88    43.75   578.11
    0.00     0.00     0.00     0.00     0.00
# 3
   35.30   344.27    16.04    20.22     0.00
  358.44   341.76    26.38    26.38   404.66
  382.81   341.61    17.74    18.10   435.83
  468.02   341.40    20.16    18.55   546.08
  493.02   341.13    20.75    22.04   578.11
    0.00     0.00     0.00     0.00     0.00
# 4
   35.92   243.37    16.12    15.54     0.00
  358.51   242.92    26.01    26.43   404.66
  382.65   242.54    16.95    18.02   435.83
  467.59   243.57    18.06    18.16   546.08
  491.94   242.53    23.25    25.23   578.11
    0.00     0.00     0.00     0.00     0.00
# 5
  242.91   190.78    15.09    17.31     0.00
  558.99   189.34    27.81    34.20   404.66
  583.10   191.50    22.72    24.17   435.83
  671.85   190.00    19.26    19.29   546.08
  698.79   190.14    31.31    29.57   578.11
    0.00     0.00     0.00     0.00     0.00
# 6
   35.86   142.41    15.88    15.96     0.00
  358.64   141.98    30.60    33.85   404.66
  383.20   143.91    20.38    20.66   435.83
  468.28   143.87    26.26    22.08   546.08
  492.99   143.23    24.01    25.15   578.11
    0.00     0.00     0.00     0.00     0.00
# 7
   31.30    35.78    14.86    15.73     0.00
  359.46    39.58    31.42    35.85   404.66
  384.22    41.49    21.88    22.35   435.83
  469.86    41.59    20.59    21.47   546.08
  494.50    41.29    28.68    29.86   578.11
    0.00     0.00     0.00     0.00     0.00
# 8
# 1
# 1
# 1
# 1
# 1
