-430.997  0.00000
-430.398 -0.00000
-429.799  0.00000
-429.199 -0.00000
-428.600  0.00000
-428.001 -0.00000
-427.401  0.00000
-426.802 -0.00000
-426.203  0.00000
-425.603 -0.00000
-425.004  0.00000
-424.405 -0.00000
-423.805  0.00000
-423.206 -0.00000
-422.607  0.00000
-422.007 -0.00000
-421.408  0.00000
-420.809 -0.00000
-420.209  0.00000
-419.610 -0.00000
-419.010  0.00000
-418.411 -0.00000
-417.812  0.00000
-417.212 -0.00001
-416.613  0.00009
-416.014 -0.00403
-415.414  0.00575
-414.815  0.00771
-414.216  0.01240
-413.616  0.04453
-413.017  0.00049
-412.418  0.00855
-411.818  0.01072
-411.219  0.01796
-410.620  0.04981
-410.020  0.00296
-409.421 -0.05579
-408.822 -0.04608
-408.222 -0.00223
-407.623 -0.02169
-407.024  0.01078
-406.424  0.02240
-405.825 -0.04558
-405.226  0.01846
-404.626 -0.03144
-404.027  0.03421
-403.428 -0.01454
-402.828 -0.03621
-402.229 -0.08918
-401.630  0.00722
-401.030  0.00056
-400.431  0.02164
-399.832  0.01451
-399.232  0.02857
-398.633 -0.01779
-398.034  0.04738
-397.434  0.07242
-396.835  0.04624
-396.236 -0.02600
-395.636  0.05156
-395.037  0.05174
-394.438 -0.02488
-393.838  0.06612
-393.239  0.03784
-392.640  0.01524
-392.040 -0.00961
-391.441 -0.06311
-390.842  0.11067
-390.242  0.05753
-389.643 -0.02091
-389.043 -0.10042
-388.444 -0.03480
-387.845  0.08211
-387.245  0.01725
-386.646 -0.06356
-386.047 -0.04495
-385.447  0.00216
-384.848 -0.02970
-384.249  0.07235
-383.649  0.04787
-383.050 -0.01676
-382.451 -0.06452
-381.851 -0.05046
-381.252 -0.00161
-380.653  0.04329
-380.053 -0.01570
-379.454  0.02936
-378.855  0.04603
-378.255  0.01736
-377.656 -0.01304
-377.057 -0.02653
-376.457 -0.03404
-375.858 -0.03606
-375.259  0.02863
-374.659  0.00492
-374.060  0.00723
-373.461 -0.01869
-372.861  0.09313
-372.262 -0.00779
-371.663 -0.08975
-371.063  0.03526
-370.464 -0.01751
-369.865 -0.03752
-369.265  0.01150
-368.666 -0.00049
-368.067  0.00628
-367.467 -0.04558
-366.868  0.02479
-366.269 -0.03329
-365.669  0.00350
-365.070  0.02615
-364.471 -0.05805
-363.871  0.01438
-363.272 -0.02084
-362.673 -0.04690
-362.073  0.05493
-361.474  0.05813
-360.875  0.00106
-360.275  0.01624
-359.676 -0.01012
-359.076 -0.07740
-358.477 -0.01353
-357.878 -0.07032
-357.278 -0.05776
-356.679  0.00355
-356.080 -0.01499
-355.480  0.04964
-354.881  0.04573
-354.282  0.04062
-353.682 -0.04083
-353.083  0.02917
-352.484  0.07278
-351.884  0.01443
-351.285  0.07200
-350.686 -0.08930
-350.086 -0.04665
-349.487  0.00845
-348.888  0.04466
-348.288 -0.06048
-347.689 -0.01653
-347.090 -0.06923
-346.490 -0.16456
-345.891 -0.07075
-345.292 -0.01700
-344.692  0.08250
-344.093 -0.01247
-343.494  0.01624
-342.894 -0.00976
-342.295 -0.06203
-341.696 -0.02980
-341.096  0.09152
-340.497  0.05177
-339.898  0.12576
-339.298  0.09979
-338.699 -0.01881
-338.100 -0.04405
-337.500 -0.01651
-336.901  0.05409
-336.302  0.07357
-335.702  0.04738
-335.103  0.03552
-334.504  0.05179
-333.904 -0.05268
-333.305  0.02349
-332.706  0.02569
-332.106  0.06078
-331.507  0.05022
-330.908  0.02179
-330.308 -0.00143
-329.709 -0.03415
-329.110 -0.01274
-328.510 -0.00231
-327.911 -0.03753
-327.311 -0.01138
-326.712  0.02523
-326.113  0.09427
-325.513  0.08977
-324.914  0.06981
-324.315  0.08326
-323.715 -0.04598
-323.116 -0.06012
-322.517  0.05074
-321.917  0.07304
-321.318 -0.03445
-320.719 -0.03251
-320.119 -0.09534
-319.520  0.03031
-318.921  0.07093
-318.321  0.03365
-317.722 -0.01973
-317.123  0.02286
-316.523  0.04650
-315.924  0.02279
-315.325  0.05197
-314.725  0.05112
-314.126  0.00408
-313.527 -0.07237
-312.927 -0.10403
-312.328  0.00099
-311.729  0.09448
-311.129  0.09231
-310.530  0.06219
-309.931 -0.01353
-309.331 -0.10142
-308.732  0.01286
-308.133  0.03547
-307.533 -0.00050
-306.934  0.14009
-306.335  0.07523
-305.735  0.06802
-305.136 -0.05413
-304.537 -0.05166
-303.937 -0.05062
-303.338 -0.11299
-302.739  0.04537
-302.139  0.03558
-301.540 -0.01766
-300.941  0.02028
-300.341 -0.00217
-299.742 -0.09099
-299.143 -0.01318
-298.543  0.04326
-297.944 -0.00027
-297.344 -0.01742
-296.745 -0.02779
-296.146 -0.03638
-295.546 -0.06794
-294.947 -0.07747
-294.348  0.00670
-293.748 -0.01309
-293.149  0.13367
-292.550  0.11470
-291.950  0.06475
-291.351 -0.04070
-290.752  0.02722
-290.152  0.02599
-289.553  0.05823
-288.954 -0.00093
-288.354  0.02586
-287.755  0.10960
-287.156  0.00650
-286.556  0.00835
-285.957  0.07230
-285.358  0.06962
-284.758 -0.04686
-284.159 -0.00450
-283.560  0.10902
-282.960  0.04818
-282.361 -0.00017
-281.762 -0.02892
-281.162 -0.06142
-280.563 -0.08242
-279.964  0.01692
-279.364  0.07197
-278.765  0.03138
-278.166  0.10869
-277.566  0.13762
-276.967 -0.00409
-276.368 -0.02015
-275.768  0.03641
-275.169  0.06670
-274.570  0.04843
-273.970  0.07706
-273.371  0.00532
-272.772  0.05291
-272.172  0.09255
-271.573  0.07496
-270.974  0.01257
-270.374 -0.01673
-269.775 -0.00893
-269.176  0.02927
-268.576  0.07558
-267.977  0.02049
-267.377  0.06337
-266.778 -0.01439
-266.179 -0.02159
-265.579 -0.00230
-264.980 -0.03351
-264.381 -0.04929
-263.781 -0.02760
-263.182  0.00780
-262.583 -0.01317
-261.983 -0.01132
-261.384  0.04854
-260.785  0.03286
-260.185  0.07838
-259.586  0.08423
-258.987 -0.06598
-258.387 -0.06924
-257.788  0.11641
-257.189  0.07228
-256.589 -0.01441
-255.990 -0.01466
-255.391 -0.04606
-254.791  0.02012
-254.192 -0.00593
-253.593 -0.02767
-252.993  0.00704
-252.394 -0.00177
-251.795 -0.00281
-251.195 -0.04069
-250.596  0.06350
-249.997  0.12457
-249.397  0.04470
-248.798 -0.03354
-248.199  0.04969
-247.599  0.00527
-247.000  0.00974
-246.401  0.07152
-245.801 -0.09168
-245.202  0.00015
-244.603  0.11737
-244.003  0.15662
-243.404  0.02657
-242.805  0.06291
-242.205  0.08845
-241.606 -0.00130
-241.007 -0.04765
-240.407  0.01024
-239.808 -0.06812
-239.209  0.07255
-238.609  0.05369
-238.010  0.01506
-237.411 -0.00975
-236.811 -0.01526
-236.212 -0.00019
-235.612  0.00325
-235.013  0.02987
-234.414  0.03216
-233.814  0.02462
-233.215  0.02680
-232.616 -0.01160
-232.016  0.04617
-231.417  0.13068
-230.818  0.07061
-230.218  0.03367
-229.619  0.06497
-229.020 -0.02633
-228.420  0.05860
-227.821  0.03620
-227.222  0.02014
-226.622 -0.06771
-226.023 -0.02553
-225.424  0.01141
-224.824 -0.00676
-224.225 -0.05595
-223.626 -0.00459
-223.026  0.03692
-222.427  0.09299
-221.828  0.06370
-221.228 -0.06554
-220.629 -0.03465
-220.030  0.06657
-219.430  0.08794
-218.831  0.10278
-218.232 -0.03855
-217.632 -0.00926
-217.033  0.03201
-216.434 -0.05824
-215.834 -0.01676
-215.235  0.01224
-214.636  0.05018
-214.036 -0.04717
-213.437 -0.06765
-212.838  0.04025
-212.238  0.00459
-211.639 -0.03174
-211.040  0.00754
-210.440 -0.01656
-209.841 -0.09365
-209.242 -0.02062
-208.642 -0.02374
-208.043 -0.00294
-207.444  0.05037
-206.844  0.04127
-206.245 -0.03693
-205.645  0.03766
-205.046  0.02780
-204.447  0.00807
-203.847 -0.03944
-203.248  0.03695
-202.649  0.09870
-202.049  0.00268
-201.450  0.00128
-200.851  0.09650
-200.251  0.08538
-199.652  0.04580
-199.053 -0.02805
-198.453 -0.00264
-197.854  0.00715
-197.255  0.00355
-196.655  0.04608
-196.056 -0.07091
-195.457  0.00011
-194.857  0.05452
-194.258  0.01424
-193.659  0.02013
-193.059  0.04371
-192.460 -0.00155
-191.861  0.06745
-191.261  0.06277
-190.662  0.08692
-190.063  0.09068
-189.463  0.11558
-188.864  0.08071
-188.265  0.07071
-187.665  0.05776
-187.066  0.13264
-186.467  0.01821
-185.867 -0.04169
-185.268  0.00943
-184.669  0.09062
-184.069  0.01908
-183.470  0.07158
-182.871  0.03388
-182.271  0.05649
-181.672  0.13246
-181.073  0.04277
-180.473  0.05632
-179.874 -0.06075
-179.275 -0.05115
-178.675  0.03144
-178.076  0.09305
-177.477  0.08772
-176.877  0.05664
-176.278  0.06597
-175.678  0.00783
-175.079  0.04244
-174.480  0.02670
-173.880  0.01073
-173.281  0.04184
-172.682  0.00023
-172.082 -0.06346
-171.483  0.12599
-170.884  0.12569
-170.284  0.05712
-169.685 -0.00102
-169.086  0.05371
-168.486  0.03996
-167.887  0.02980
-167.288  0.03448
-166.688  0.00625
-166.089  0.01051
-165.490 -0.00937
-164.890  0.06323
-164.291  0.07448
-163.692  0.10843
-163.092  0.02104
-162.493 -0.00557
-161.894  0.10064
-161.294  0.04399
-160.695  0.00883
-160.096 -0.02635
-159.496 -0.00510
-158.897 -0.01905
-158.298 -0.11486
-157.698  0.03653
-157.099  0.05385
-156.500 -0.07288
-155.900  0.02929
-155.301  0.10070
-154.702  0.07990
-154.102 -0.01067
-153.503  0.09602
-152.904  0.03320
-152.304  0.03942
-151.705  0.10925
-151.106 -0.03105
-150.506  0.00259
-149.907  0.00760
-149.308  0.05966
-148.708 -0.00516
-148.109 -0.08369
-147.510 -0.01921
-146.910 -0.00675
-146.311  0.03235
-145.712  0.05124
-145.112  0.01707
-144.513  0.12553
-143.913  0.02300
-143.314 -0.06472
-142.715  0.06608
-142.115  0.05092
-141.516  0.04692
-140.917  0.05171
-140.317  0.04372
-139.718  0.05294
-139.119 -0.00025
-138.519 -0.01136
-137.920  0.06722
-137.321  0.07681
-136.721 -0.01626
-136.122 -0.03189
-135.523 -0.02508
-134.923 -0.06086
-134.324 -0.02410
-133.725  0.01662
-133.125  0.03632
-132.526  0.08211
-131.927  0.06493
-131.327  0.03456
-130.728  0.06896
-130.129  0.04057
-129.529  0.00358
-128.930  0.07093
-128.331  0.09884
-127.731  0.15013
-127.132  0.08920
-126.533  0.02591
-125.933  0.06022
-125.334 -0.07761
-124.735 -0.05259
-124.135  0.13872
-123.536  0.13536
-122.937  0.07871
-122.337 -0.02208
-121.738 -0.07632
-121.139 -0.00329
-120.539  0.03157
-119.940 -0.03459
-119.341 -0.06434
-118.741  0.06776
-118.142  0.09161
-117.543 -0.03373
-116.943  0.08040
-116.344  0.12170
-115.745  0.06531
-115.145  0.07735
-114.546  0.07218
-113.946  0.03587
-113.347  0.08090
-112.748  0.07218
-112.148  0.02688
-111.549  0.06675
-110.950  0.04166
-110.350  0.03508
-109.751  0.02955
-109.152 -0.00086
-108.552 -0.03140
-107.953  0.01242
-107.354 -0.00078
-106.754  0.07218
-106.155  0.08662
-105.556  0.05669
-104.956 -0.01934
-104.357  0.10238
-103.758  0.02532
-103.158 -0.03051
-102.559  0.00608
-101.960  0.05868
-101.360  0.15302
-100.761  0.07268
-100.162 -0.00599
 -99.562 -0.04142
 -98.963 -0.10929
 -98.364 -0.05334
 -97.764 -0.03663
 -97.165  0.02687
 -96.566  0.03952
 -95.966 -0.01704
 -95.367 -0.08437
 -94.768  0.04586
 -94.168  0.02819
 -93.569  0.05209
 -92.970  0.04316
 -92.370  0.04322
 -91.771  0.11470
 -91.172  0.02071
 -90.572 -0.01308
 -89.973  0.00165
 -89.374  0.08029
 -88.774  0.03939
 -88.175  0.07601
 -87.576  0.13328
 -86.976  0.00974
 -86.377 -0.04947
 -85.778  0.01240
 -85.178  0.10685
 -84.579  0.06567
 -83.980 -0.01111
 -83.380 -0.04541
 -82.781 -0.02697
 -82.181 -0.01426
 -81.582 -0.04541
 -80.983 -0.05802
 -80.383 -0.05762
 -79.784  0.06400
 -79.185  0.09363
 -78.585  0.06655
 -77.986 -0.01166
 -77.387  0.04401
 -76.787  0.06591
 -76.188  0.09038
 -75.589  0.00036
 -74.989 -0.09574
 -74.390  0.02916
 -73.791 -0.00851
 -73.191 -0.04157
 -72.592 -0.08551
 -71.993 -0.03274
 -71.393 -0.03095
 -70.794 -0.01637
 -70.195  0.07041
 -69.595 -0.05225
 -68.996  0.03782
 -68.397  0.07521
 -67.797  0.04437
 -67.198  0.01372
 -66.599  0.06351
 -65.999  0.04181
 -65.400  0.01149
 -64.801  0.02893
 -64.201  0.08461
 -63.602  0.02486
 -63.003 -0.03052
 -62.403  0.06050
 -61.804  0.04391
 -61.205  0.06052
 -60.605  0.02922
 -60.006  0.04967
 -59.407  0.06310
 -58.807  0.12259
 -58.208  0.02210
 -57.609 -0.02321
 -57.009  0.04997
 -56.410  0.06624
 -55.811 -0.01620
 -55.211  0.09706
 -54.612  0.06295
 -54.013  0.03541
 -53.413 -0.11042
 -52.814  0.00795
 -52.214  0.06358
 -51.615  0.04433
 -51.016  0.06787
 -50.416  0.02581
 -49.817  0.02093
 -49.218  0.00827
 -48.618 -0.03349
 -48.019 -0.03046
 -47.420  0.04777
 -46.820  0.04520
 -46.221  0.05030
 -45.622  0.04432
 -45.022  0.04800
 -44.423  0.06289
 -43.824  0.01446
 -43.224  0.03178
 -42.625 -0.00739
 -42.026 -0.07875
 -41.426 -0.03856
 -40.827 -0.03693
 -40.228  0.00354
 -39.628  0.00594
 -39.029  0.05913
 -38.430  0.09640
 -37.830  0.04379
 -37.231 -0.02122
 -36.632 -0.02612
 -36.032  0.02812
 -35.433 -0.06847
 -34.834 -0.07490
 -34.234 -0.02513
 -33.635  0.04236
 -33.036 -0.06029
 -32.436 -0.06196
 -31.837  0.05920
 -31.238  0.02017
 -30.638 -0.02280
 -30.039  0.00270
 -29.440  0.06367
 -28.840  0.06669
 -28.241  0.01221
 -27.642  0.00234
 -27.042  0.10265
 -26.443  0.03826
 -25.844  0.02443
 -25.244  0.01057
 -24.645  0.01145
 -24.046 -0.05155
 -23.446 -0.09746
 -22.847  0.05033
 -22.247  0.16158
 -21.648  0.10612
 -21.049  0.04831
 -20.449 -0.07357
 -19.850 -0.09667
 -19.251 -0.01218
 -18.651  0.00560
 -18.052  0.05207
 -17.453  0.10642
 -16.853  0.09008
 -16.254  0.02264
 -15.655 -0.04287
 -15.055 -0.01086
 -14.456 -0.00876
 -13.857  0.03068
 -13.257  0.09499
 -12.658  0.03611
 -12.059  0.04623
 -11.459 -0.02636
 -10.860 -0.00853
 -10.261  0.08999
  -9.661  0.06390
  -9.062  0.09507
  -8.463  0.12499
  -7.863  0.26350
  -7.264  0.24769
  -6.665  0.26253
  -6.065  0.41363
  -5.466  0.53627
  -4.867  0.65067
  -4.267  0.79347
  -3.668  1.20050
  -3.069  1.70933
  -2.469  2.37337
  -1.870  3.31292
  -1.271  5.02206
  -0.671  8.66623
  -0.072 14.05570
   0.527 13.63218
   1.127  5.08027
   1.726  0.74493
   2.325  0.23528
   2.925  0.09385
   3.524  0.01262
   4.123  0.03309
   4.723  0.00908
   5.322  0.07631
   5.921  0.09099
   6.521  0.11250
   7.120  0.12432
   7.719  0.10234
   8.319  0.07872
   8.918  0.10169
   9.518  0.05789
  10.117  0.01134
  10.716  0.00617
  11.316 -0.02468
  11.915 -0.06213
  12.514 -0.01668
  13.114  0.08576
  13.713  0.07366
  14.312  0.03019
  14.912 -0.00764
  15.511 -0.06596
  16.110 -0.06640
  16.710  0.02846
  17.309  0.09317
  17.908  0.01081
  18.508  0.01196
  19.107  0.08660
  19.706  0.05208
  20.306  0.00951
  20.905 -0.04578
  21.504  0.07299
  22.104  0.05830
  22.703  0.03484
  23.302  0.10666
  23.902  0.05249
  24.501  0.03374
  25.100  0.01487
  25.700 -0.01603
  26.299  0.04062
  26.898  0.05104
  27.498  0.02718
  28.097  0.08262
  28.696  0.10906
  29.296  0.02293
  29.895  0.07757
  30.494  0.11784
  31.094  0.08997
  31.693  0.01233
  32.292  0.04301
  32.892  0.05377
  33.491  0.12517
  34.090  0.00461
  34.690  0.01531
  35.289  0.02202
  35.888  0.03250
  36.488 -0.04880
  37.087 -0.06674
  37.686  0.00320
  38.286  0.04167
  38.885 -0.02520
  39.485 -0.04356
  40.084 -0.05353
  40.683 -0.02955
  41.283  0.09438
  41.882  0.02747
  42.481  0.05258
  43.081  0.01516
  43.680 -0.00466
  44.279 -0.04725
  44.879 -0.00979
  45.478  0.05346
  46.077 -0.04164
  46.677 -0.02078
  47.276  0.00723
  47.875  0.04749
  48.475  0.10165
  49.074  0.01925
  49.673  0.06730
  50.273  0.14064
  50.872  0.04855
  51.471  0.01433
  52.071 -0.05147
  52.670  0.02410
  53.269 -0.00728
  53.869  0.01453
  54.468  0.04442
  55.067  0.06188
  55.667  0.13674
  56.266  0.08252
  56.865 -0.02934
  57.465  0.00078
  58.064  0.06943
  58.663  0.01250
  59.263  0.01228
  59.862  0.09347
  60.461  0.03642
  61.061  0.06882
  61.660  0.03184
  62.259  0.02669
  62.859  0.06440
  63.458  0.05174
  64.057  0.05459
  64.657  0.07717
  65.256  0.08021
  65.855  0.00181
  66.455  0.04521
  67.054  0.09772
  67.653 -0.00209
  68.253 -0.01913
  68.852 -0.12573
  69.452 -0.00503
  70.051  0.05067
  70.650  0.07034
  71.250  0.12503
  71.849  0.10899
  72.448  0.01622
  73.048  0.11103
  73.647  0.04845
  74.246  0.04024
  74.846 -0.05918
  75.445 -0.03885
  76.044 -0.00858
  76.644  0.00492
  77.243 -0.00636
  77.842 -0.04404
  78.442  0.01909
  79.041  0.04093
  79.640 -0.01217
  80.240 -0.01225
  80.839  0.02534
  81.438  0.04417
  82.038  0.07577
  82.637  0.06180
  83.236  0.01196
  83.836  0.08460
  84.435  0.06357
  85.034  0.00710
  85.634 -0.03469
  86.233  0.09025
  86.832  0.07244
  87.432 -0.05037
  88.031 -0.10729
  88.630  0.03466
  89.230 -0.05878
  89.829  0.00778
  90.428 -0.00258
  91.028  0.00426
  91.627  0.05857
  92.226  0.02982
  92.826  0.11023
  93.425  0.06149
  94.024 -0.01196
  94.624 -0.00362
  95.223  0.02005
  95.822 -0.05832
  96.422 -0.07979
  97.021 -0.05388
  97.620  0.07196
  98.220  0.06665
  98.819 -0.05192
  99.418  0.01288
 100.018  0.11458
 100.617 -0.01113
 101.217 -0.02484
 101.816  0.07831
 102.415  0.00118
 103.015  0.15949
 103.614  0.08476
 104.213  0.07239
 104.813 -0.05339
 105.412 -0.00771
 106.011 -0.01559
 106.611 -0.05803
 107.210  0.07011
 107.809  0.08901
 108.409 -0.04963
 109.008 -0.03384
 109.607  0.00331
 110.207  0.09499
 110.806  0.03866
 111.405  0.05265
 112.005  0.03570
 112.604  0.09427
 113.203  0.06466
 113.803  0.09841
 114.402  0.06991
 115.001  0.07449
 115.601  0.02205
 116.200 -0.01819
 116.799 -0.06256
 117.399  0.03670
 117.998 -0.00877
 118.597 -0.02371
 119.197 -0.05353
 119.796  0.11028
 120.395  0.11814
 120.995  0.07441
 121.594 -0.00439
 122.193 -0.06500
 122.793  0.03620
 123.392  0.10176
 123.991  0.00789
 124.591  0.08927
 125.190  0.08824
 125.789  0.03695
 126.389  0.08369
 126.988  0.10205
 127.587  0.03262
 128.187  0.09389
 128.786  0.10668
 129.385  0.01677
 129.985  0.03006
 130.584  0.03967
 131.184 -0.00674
 131.783  0.05818
 132.382  0.08739
 132.982  0.04806
 133.581  0.12289
 134.180  0.06945
 134.780 -0.04163
 135.379  0.01881
 135.978  0.00418
 136.578  0.00155
 137.177 -0.02587
 137.776 -0.02139
 138.376  0.02080
 138.975  0.06060
 139.574  0.01402
 140.174  0.05900
 140.773 -0.01366
 141.372  0.00326
 141.972 -0.01810
 142.571  0.08809
 143.170  0.03451
 143.770 -0.05593
 144.369  0.06027
 144.968  0.00756
 145.568  0.00318
 146.167 -0.07003
 146.766 -0.05229
 147.366 -0.04406
 147.965  0.03624
 148.564  0.02685
 149.164 -0.01501
 149.763  0.06653
 150.362  0.00824
 150.962 -0.01950
 151.561 -0.04167
 152.160 -0.02120
 152.760 -0.06480
 153.359  0.04336
 153.958  0.01764
 154.558 -0.01610
 155.157  0.03984
 155.756  0.06990
 156.356 -0.03930
 156.955 -0.02985
 157.554 -0.03060
 158.154 -0.03719
 158.753  0.03973
 159.352  0.11973
 159.952  0.07163
 160.551 -0.02931
 161.151 -0.04609
 161.750  0.01627
 162.349 -0.00598
 162.949 -0.12148
 163.548 -0.05899
 164.147  0.02009
 164.747 -0.07761
 165.346 -0.03326
 165.945  0.04900
 166.545  0.07069
 167.144  0.03887
 167.743  0.04608
 168.343  0.11242
 168.942  0.09708
 169.541  0.12342
 170.141  0.02939
 170.740  0.02770
 171.339 -0.02854
 171.939  0.08770
 172.538  0.09499
 173.137 -0.05277
 173.737 -0.05860
 174.336 -0.06882
 174.935 -0.04931
 175.535 -0.00772
 176.134  0.02376
 176.733  0.01932
 177.333 -0.02117
 177.932 -0.03019
 178.531  0.05533
 179.131  0.07516
 179.730  0.06866
 180.329  0.02681
 180.929 -0.00095
 181.528  0.02863
 182.127 -0.07896
 182.727 -0.05146
 183.326  0.05502
 183.925  0.07056
 184.525  0.02894
 185.124  0.13229
 185.723  0.13704
 186.323  0.03263
 186.922  0.00886
 187.521  0.11609
 188.121  0.01934
 188.720 -0.05496
 189.319  0.04321
 189.919  0.02135
 190.518  0.01588
 191.117 -0.03182
 191.717  0.03051
 192.316 -0.00481
 192.916 -0.01669
 193.515  0.02674
 194.114  0.01168
 194.714  0.06356
 195.313  0.06077
 195.912  0.07995
 196.512  0.06256
 197.111  0.02685
 197.710  0.02178
 198.310 -0.00431
 198.909 -0.04285
 199.508  0.02308
 200.108  0.09467
 200.707 -0.00784
 201.306 -0.05096
 201.906  0.06784
 202.505  0.07158
 203.104 -0.04083
 203.704 -0.06452
 204.303  0.07250
 204.902  0.07805
 205.502 -0.02819
 206.101  0.14764
 206.700  0.16980
 207.300  0.02674
 207.899  0.06268
 208.498  0.00336
 209.098  0.01693
 209.697  0.09335
 210.296  0.15531
 210.896  0.10484
 211.495  0.03762
 212.094  0.03333
 212.694 -0.02323
 213.293 -0.10729
 213.892 -0.10880
 214.492 -0.00916
 215.091  0.02450
 215.690  0.09379
 216.290  0.05418
 216.889 -0.03617
 217.488 -0.00139
 218.088  0.14782
 218.687  0.07100
 219.286  0.04323
 219.886  0.04012
 220.485  0.04410
 221.084  0.08833
 221.684  0.08817
 222.283  0.05525
 222.883 -0.07083
 223.482 -0.04413
 224.081  0.07188
 224.681  0.03203
 225.280  0.06302
 225.879  0.12459
 226.479  0.04604
 227.078  0.01754
 227.677  0.07541
 228.277  0.02103
 228.876  0.02249
 229.475  0.08361
 230.075  0.04538
 230.674  0.06691
 231.273  0.02765
 231.873 -0.04445
 232.472  0.04394
 233.071  0.04207
 233.671  0.02329
 234.270  0.02157
 234.869  0.04378
 235.469  0.02169
 236.068 -0.00657
 236.667  0.01624
 237.267  0.00913
 237.866 -0.00107
 238.465  0.02334
 239.065  0.00504
 239.664 -0.05902
 240.263 -0.03094
 240.863 -0.00871
 241.462 -0.03598
 242.061  0.05691
 242.661  0.10871
 243.260  0.03483
 243.859  0.06691
 244.459 -0.01759
 245.058 -0.07473
 245.657 -0.02060
 246.257 -0.00877
 246.856 -0.06174
 247.455  0.03608
 248.055  0.05011
 248.654  0.05617
 249.253  0.09956
 249.853  0.01632
 250.452 -0.00099
 251.051  0.02444
 251.651  0.11005
 252.250  0.00249
 252.849  0.04184
 253.449  0.00365
 254.048  0.02258
 254.648  0.04743
 255.247  0.01626
 255.846  0.01810
 256.446  0.10603
 257.045 -0.04875
 257.644  0.04594
 258.244  0.04387
 258.843 -0.07566
 259.442  0.05167
 260.042  0.04338
 260.641  0.10588
 261.240  0.02366
 261.840  0.03037
 262.439 -0.01275
 263.038  0.02791
 263.638  0.04234
 264.237  0.02488
 264.836 -0.08334
 265.436  0.00964
 266.035 -0.09768
 266.634 -0.00130
 267.234 -0.00964
 267.833  0.01349
 268.432 -0.03653
 269.032 -0.07071
 269.631  0.16221
 270.230  0.17683
 270.830  0.08688
 271.429  0.01373
 272.028  0.09442
 272.628  0.05506
 273.227  0.07296
 273.826 -0.02561
 274.426  0.02538
 275.025  0.03222
 275.624 -0.02327
 276.224 -0.05122
 276.823 -0.09053
 277.422  0.03406
 278.022  0.07474
 278.621  0.02076
 279.220 -0.02552
 279.820  0.01441
 280.419 -0.02139
 281.018 -0.14688
 281.618 -0.00435
 282.217  0.06552
 282.816 -0.11491
 283.416 -0.09765
 284.015 -0.07192
 284.615  0.02661
 285.214 -0.00001
 285.813 -0.00751
 286.413  0.06875
 287.012  0.01087
 287.611 -0.07168
 288.211 -0.00173
 288.810  0.09330
 289.409  0.02221
 290.009  0.10982
 290.608 -0.03353
 291.207 -0.04710
 291.807 -0.05640
 292.406 -0.01960
 293.005  0.05831
 293.605  0.04057
 294.204  0.04502
 294.803 -0.00565
 295.403  0.01007
 296.002  0.07121
 296.601  0.06473
 297.201 -0.01082
 297.800  0.03668
 298.399 -0.00171
 298.999 -0.04913
 299.598 -0.01071
 300.197 -0.00196
 300.797  0.04816
 301.396  0.16990
 301.995  0.10091
 302.595 -0.04322
 303.194 -0.06564
 303.793  0.01126
 304.393  0.04456
 304.992  0.02176
 305.591  0.08819
 306.191  0.05059
 306.790  0.04192
 307.389  0.00699
 307.989 -0.03471
 308.588 -0.00258
 309.187  0.04714
 309.787  0.01683
 310.386 -0.01609
 310.985  0.00441
 311.585 -0.01511
 312.184  0.00847
 312.783 -0.01183
 313.383  0.06693
 313.982  0.04524
 314.582  0.06015
 315.181  0.07276
 315.780  0.02512
 316.380 -0.06609
 316.979 -0.03962
 317.578 -0.08044
 318.178  0.05955
 318.777  0.05497
 319.376 -0.02118
 319.976  0.03851
 320.575  0.07592
 321.174  0.06480
 321.774  0.11588
 322.373  0.02211
 322.972 -0.00707
 323.572  0.01590
 324.171 -0.01663
 324.770  0.08927
 325.370  0.09813
 325.969  0.09548
 326.568  0.00980
 327.168  0.03128
 327.767  0.10240
 328.366  0.07588
 328.966  0.11261
 329.565  0.09984
 330.164  0.01113
 330.764  0.02385
 331.363  0.01658
 331.962 -0.07122
 332.562  0.05979
 333.161 -0.01429
 333.760 -0.05602
 334.360  0.00988
 334.959 -0.01021
 335.558 -0.01528
 336.158  0.05451
 336.757  0.08542
 337.356  0.03585
 337.956  0.07106
 338.555  0.01943
 339.154  0.04187
 339.754  0.06257
 340.353  0.03001
 340.952  0.07937
 341.552  0.07157
 342.151 -0.03016
 342.750  0.00298
 343.350  0.04965
 343.949  0.01102
 344.548  0.11594
 345.148  0.10438
 345.747  0.08119
 346.347  0.11517
 346.946  0.05075
 347.545  0.04204
 348.145 -0.01838
 348.744  0.11247
 349.343  0.07144
 349.943 -0.01750
 350.542 -0.02343
 351.141 -0.02167
 351.741 -0.03447
 352.340  0.01951
 352.939  0.02511
 353.539  0.10368
 354.138  0.03089
 354.737 -0.01620
 355.337  0.04463
 355.936  0.01944
 356.535  0.01513
 357.135  0.08542
 357.734  0.05385
 358.333  0.03591
 358.933  0.11302
 359.532 -0.00824
 360.131 -0.10027
 360.731  0.01112
 361.330  0.11765
 361.929  0.01566
 362.529 -0.02383
 363.128  0.03961
 363.727  0.06655
 364.327  0.01705
 364.926  0.07133
 365.525  0.09317
 366.125  0.12539
 366.724  0.19377
 367.323  0.18519
 367.923  0.24810
 368.522  0.22175
 369.121  0.15276
 369.721  0.18950
 370.320  0.25431
 370.919  0.18406
 371.519  0.22753
 372.118  0.17785
 372.717  0.16809
 373.317  0.16990
 373.916  0.22490
 374.515  0.25232
 375.115  0.21387
 375.714  0.20981
 376.314  0.21537
 376.913  0.21987
 377.512  0.30629
 378.112  0.30321
 378.711  0.34187
 379.310  0.43475
 379.910  0.44359
 380.509  0.28296
 381.108  0.44682
 381.708  0.66135
 382.307  0.57290
 382.906  0.48854
 383.506  0.59031
 384.105  0.60434
 384.704  0.68555
 385.304  0.72394
 385.903  0.64032
 386.502  0.61484
 387.102  0.66402
 387.701  0.67109
 388.300  0.60229
 388.900  0.64897
 389.499  0.73815
 390.098  0.84477
 390.698  0.78558
 391.297  0.69460
 391.896  0.65392
 392.496  0.56308
 393.095  0.68263
 393.694  0.65724
 394.294  0.53660
 394.893  0.46965
 395.492  0.49434
 396.092  0.43613
 396.691  0.23382
 397.290  0.23714
 397.890  0.27936
 398.489  0.21049
 399.088  0.20306
 399.688  0.19326
 400.287  0.18982
 400.886  0.11967
 401.486  0.16590
 402.085  0.12470
 402.684  0.23286
 403.284  0.29950
 403.883  0.32102
 404.482  0.29248
 405.082  0.47932
 405.681  0.52777
 406.281  0.50626
 406.880  0.59662
 407.479  0.55235
 408.079  0.44952
 408.678  0.40344
 409.277  0.35821
 409.877  0.35915
 410.476  0.26827
 411.075  0.14789
 411.675  0.09635
 412.274  0.09199
 412.873  0.11521
 413.473  0.20165
 414.072  0.31678
 414.671  0.30806
 415.271  0.34297
 415.870  0.31043
 416.469  0.37310
 417.069  0.28679
 417.668  0.32970
 418.267  0.37593
 418.867  0.40883
 419.466  0.50382
 420.065  0.57260
 420.665  0.66582
 421.264  0.62520
 421.863  0.72878
 422.463  0.87430
 423.062  0.84575
 423.661  0.66728
 424.261  0.62276
 424.860  0.69602
 425.459  0.76696
 426.059  0.77588
 426.658  0.92076
 427.257  1.11228
 427.857  0.95440
 428.456  0.74524
 429.055  0.50347
 429.655  0.42558
 430.254  0.60867
 430.853  0.92471
 431.453  0.99690
 432.052  0.98274
 432.651  0.95163
 433.251  0.87644
 433.850  0.54844
 434.449  0.22106
 435.049  0.24032
 435.648  0.21388
 436.247  0.22450
 436.847  0.28574
 437.446  0.86795
 438.046  1.93499
 438.645  2.64476
 439.244  1.87538
 439.844  0.86832
 440.443  0.83196
 441.042  1.05977
 441.642  0.76436
 442.241  0.66479
 442.840  0.96979
 443.440  0.95789
 444.039  0.51092
 444.638  0.23658
 445.238  0.21067
 445.837  0.45284
 446.436  0.88824
 447.036  0.71818
 447.635  0.38246
 448.234  0.54267
 448.834  0.53764
 449.433  0.31233
 450.032  0.21469
 450.632  0.19995
 451.231  0.04106
 451.830  0.06899
 452.430  0.13724
 453.029  0.24582
 453.628  0.15208
 454.228  0.17776
 454.827  0.09399
 455.426  0.05461
 456.026  0.08194
 456.625  0.09519
 457.224  0.05705
 457.824 -0.01551
 458.423  0.03006
 459.022  0.06765
 459.622  0.17534
 460.221  0.12630
 460.820  0.05661
 461.420  0.01898
 462.019  0.06989
 462.618  0.10192
 463.218  0.05749
 463.817  0.10906
 464.416  0.08575
 465.016  0.08497
 465.615  0.09946
 466.214  0.13251
 466.814  0.05417
 467.413  0.07994
 468.013  0.14140
 468.612  0.15460
 469.211  0.12132
 469.811  0.09616
 470.410  0.16963
 471.009  0.25608
 471.609  0.17382
 472.208  0.09012
 472.807  0.10665
 473.407  0.17238
 474.006  0.14252
 474.605  0.09681
 475.205  0.06686
 475.804  0.01556
 476.403  0.02129
 477.003  0.02837
 477.602  0.12946
 478.201  0.02720
 478.801  0.06185
 479.400  0.17403
 479.999  0.23284
 480.599  0.10454
 481.198 -0.00005
 481.797  0.01310
 482.397  0.06876
 482.996  0.09701
 483.595  0.10257
 484.195  0.20926
 484.794  0.22079
 485.393  0.20788
 485.993  0.19766
 486.592  0.26096
 487.191  0.34774
 487.791  0.29311
 488.390  0.23172
 488.989  0.51983
 489.589  0.60501
 490.188  0.40397
 490.787  0.29473
 491.387  0.40379
 491.986  0.63244
 492.585  0.75010
 493.185  0.46811
 493.784  0.36646
 494.383  0.39621
 494.983  0.44973
 495.582  0.61069
 496.181  0.94442
 496.781  0.75031
 497.380  0.46724
 497.980  0.41866
 498.579  0.50425
 499.178  0.54669
 499.778  0.47670
 500.377  0.41108
 500.976  0.38824
 501.576  0.39481
 502.175  0.39701
 502.774  0.41922
 503.374  0.30742
 503.973  0.23061
 504.572  0.27756
 505.172  0.44252
 505.771  0.33925
 506.370  0.21986
 506.970  0.28870
 507.569  0.38838
 508.168  0.45482
 508.768  0.37073
 509.367  0.37659
 509.966  0.43935
 510.566  0.51637
 511.165  0.69590
 511.764  0.92795
 512.364  0.60638
 512.963  0.55765
 513.562  0.66678
 514.162  0.83474
 514.761  0.78688
 515.360  0.79253
 515.960  0.99438
 516.559  1.52705
 517.158  2.23711
 517.758  2.27579
 518.357  1.42275
 518.956  0.91804
 519.556  0.82244
 520.155  0.77151
 520.754  0.78166
 521.354  0.65767
 521.953  0.73068
 522.552  0.99028
 523.152  1.33063
 523.751  1.24984
 524.350  0.79099
 524.950  0.62082
 525.549  0.61683
 526.148  0.72082
 526.748  0.90012
 527.347  1.38045
 527.946  1.43654
 528.546  0.83680
 529.145  0.53008
 529.745  0.42269
 530.344  0.19147
 530.943  0.26389
 531.543  0.37534
 532.142  0.41051
 532.741  0.63559
 533.341  0.99135
 533.940  0.95314
 534.539  0.73182
 535.139  0.59085
 535.738  0.54198
 536.337  0.47100
 536.937  0.64421
 537.536  0.89932
 538.135  0.99820
 538.735  0.71943
 539.334  0.65244
 539.933  0.72851
 540.533  0.81098
 541.132  0.97245
 541.731  0.87250
 542.331  0.83989
 542.930  0.88238
 543.529  0.83738
 544.129  0.78606
 544.728  0.58140
 545.327  0.52967
 545.927  0.52997
 546.526  0.49912
 547.125  0.44334
 547.725  0.25223
 548.324  0.25397
 548.923  0.21339
 549.523  0.08511
 550.122  0.05823
 550.721  0.13077
 551.321  0.23871
 551.920  0.16266
 552.519  0.15869
 553.119  0.19136
 553.718  0.22987
 554.317  0.23007
 554.917  0.09570
 555.516  0.04283
 556.115  0.10097
 556.715  0.10119
 557.314  0.12710
 557.913  0.20908
 558.513  0.30278
 559.112  0.28705
 559.712  0.29590
 560.311  0.21560
 560.910  0.21293
 561.510  0.17024
 562.109  0.25338
 562.708  0.31084
 563.308  0.26999
 563.907  0.16685
 564.506  0.13838
 565.106  0.17174
 565.705  0.16577
 566.304  0.14129
 566.904  0.20128
 567.503  0.16821
 568.102  0.13252
 568.702  0.09552
 569.301  0.10961
 569.900  0.10653
 570.500  0.13509
 571.099  0.18284
 571.698  0.17614
 572.298  0.27405
 572.897  0.26006
 573.496  0.25360
 574.096  0.24002
 574.695  0.17475
 575.294  0.10773
 575.894  0.12711
 576.493  0.26307
 577.092  0.14393
 577.692  0.07006
 578.291  0.18129
 578.890  0.22106
 579.490  0.23732
 580.089  0.21378
 580.688  0.29940
 581.288  0.25199
 581.887  0.19796
 582.486  0.14831
 583.086  0.18486
 583.685  0.21258
 584.284  0.22291
 584.884  0.09858
 585.483  0.23189
 586.082  0.23644
 586.682  0.12303
 587.281  0.18690
 587.880  0.22677
 588.480  0.20833
 589.079  0.17659
 589.678  0.21156
 590.278  0.11216
 590.877  0.12978
 591.477  0.20320
 592.076  0.24635
 592.675  0.28061
 593.275  0.29251
 593.874  0.19238
 594.473  0.12934
 595.073  0.20037
 595.672  0.21270
 596.271  0.15970
 596.871  0.11705
 597.470  0.08899
 598.069  0.17751
 598.669  0.17562
 599.268  0.17257
 599.867  0.13319
 600.467  0.17212
 601.066  0.12122
 601.665  0.14801
 602.265  0.22922
 602.864  0.25424
 603.463  0.24293
 604.063  0.21273
 604.662  0.19182
 605.261  0.12389
 605.861  0.19406
 606.460  0.19718
 607.059  0.20447
 607.659  0.21508
 608.258  0.10541
 608.857  0.10976
 609.457  0.09984
 610.056  0.07063
 610.655  0.07500
 611.255  0.11893
 611.854  0.12569
 612.453  0.14201
 613.053  0.26956
 613.652  0.18299
 614.251  0.13479
 614.851  0.10938
 615.450  0.14389
 616.049  0.15582
 616.649  0.16898
 617.248  0.24694
 617.847  0.22297
 618.447  0.21015
 619.046  0.16503
 619.645  0.09913
 620.245  0.02647
 620.844  0.03125
 621.444  0.13971
 622.043  0.08403
 622.642  0.10380
 623.242  0.26240
 623.841  0.18660
 624.440  0.16742
 625.040  0.20508
 625.639  0.17205
 626.238  0.12411
 626.838  0.21444
 627.437  0.19834
 628.036  0.13308
 628.636  0.08730
 629.235  0.07047
 629.834  0.14203
 630.434  0.09449
 631.033  0.11407
 631.632  0.16205
 632.232  0.16646
 632.831  0.15737
 633.430  0.20861
 634.030  0.23793
 634.629  0.21129
 635.228  0.16971
 635.828  0.18814
 636.427  0.13797
 637.026  0.20048
 637.626  0.17550
 638.225  0.26242
 638.824  0.18797
 639.424  0.17674
 640.023  0.26231
 640.622  0.15123
 641.222  0.08246
 641.821  0.24015
 642.420  0.10671
 643.020  0.14372
 643.619  0.18253
 644.218  0.23564
 644.818  0.17199
 645.417  0.10360
 646.016  0.15314
 646.616  0.13687
 647.215  0.19327
 647.814  0.20175
 648.414  0.12807
 649.013  0.11018
 649.612  0.05843
 650.212  0.15592
 650.811  0.16552
 651.411  0.07340
 652.010  0.13545
 652.609  0.07395
 653.209  0.05590
 653.808  0.08670
 654.407  0.10115
 655.007  0.09404
 655.606  0.11525
 656.205  0.08208
 656.805  0.20419
 657.404  0.19343
 658.003  0.02209
 658.603 -0.00034
 659.202  0.10313
 659.801  0.06512
 660.401  0.09555
 661.000  0.12730
 661.599  0.16813
 662.199  0.16129
 662.798  0.08863
 663.397  0.11505
 663.997  0.11151
 664.596  0.14906
 665.195  0.05529
 665.795  0.04184
 666.394  0.05136
 666.993  0.02597
 667.593  0.09277
 668.192  0.21242
 668.791  0.14151
 669.391  0.15579
 669.990  0.13027
 670.589  0.09851
 671.189  0.10499
 671.788  0.14396
 672.387  0.09371
 672.987  0.14593
 673.586  0.15259
 674.185  0.11778
 674.785  0.01541
 675.384  0.10061
 675.983  0.08346
 676.583  0.07770
 677.182  0.11046
 677.781  0.03894
 678.381  0.07323
 678.980  0.12257
 679.579  0.12499
 680.179  0.13927
 680.778  0.06593
 681.377 -0.07803
 681.977  0.03696
 682.576  0.09258
 683.176  0.02452
 683.775 -0.03812
 684.374  0.04268
 684.974  0.04900
 685.573  0.11644
 686.172  0.07369
 686.772  0.02197
 687.371  0.02017
 687.970  0.07703
 688.570  0.07949
 689.169  0.04705
 689.768  0.06699
 690.368  0.07911
 690.967  0.01190
 691.566  0.01287
 692.166  0.03003
 692.765  0.06989
 693.364  0.06173
 693.964 -0.00013
 694.563  0.03069
 695.162  0.02403
 695.762  0.01946
 696.361  0.05561
 696.960  0.01852
 697.560 -0.02606
 698.159  0.02449
 698.758 -0.02999
 699.358 -0.01852
 699.957  0.10367
 700.556  0.06551
 701.156  0.04363
 701.755  0.03943
 702.354  0.02854
 702.954  0.01848
 703.553  0.04590
 704.152  0.03651
 704.752  0.04435
 705.351  0.05984
 705.950  0.05407
 706.550  0.02825
 707.149 -0.00113
 707.748  0.01676
 708.348 -0.00694
 708.947  0.03092
 709.546  0.01442
 710.146  0.00938
 710.745 -0.01352
 711.344 -0.00628
 711.944  0.00372
 712.543  0.00085
 713.143 -0.00017
 713.742  0.00005
 714.341 -0.00001
 714.941  0.00000
 715.540 -0.00000
 716.139  0.00000
 716.739 -0.00000
 717.338  0.00000
 717.937 -0.00000
 718.537  0.00000
 719.136 -0.00000
