 292.000  0.00407
 292.300 -0.00024
 292.600 -0.00494
 292.900 -0.01183
 293.200 -0.02211
 293.500 -0.02066
 293.800  0.00358
 294.100  0.02626
 294.400  0.02866
 294.700  0.02183
 295.000  0.01469
 295.300  0.01152
 295.600  0.01589
 295.900  0.01933
 296.200  0.01443
 296.500  0.00602
 296.800 -0.00145
 297.100 -0.00949
 297.400 -0.01954
 297.700 -0.02240
 298.000 -0.00884
 298.300  0.00461
 298.600  0.00058
 298.900 -0.00989
 299.200 -0.01470
 299.500 -0.01407
 299.800 -0.00822
 300.100 -0.00629
 300.400 -0.01920
 300.700 -0.03032
 301.000 -0.01888
 301.300  0.00203
 301.600  0.01523
 301.900  0.02218
 302.200  0.02492
 302.500  0.02260
 302.800  0.01403
 303.100  0.00379
 303.400 -0.00130
 303.700 -0.00239
 304.000 -0.00136
 304.300  0.00254
 304.600  0.01049
 304.900  0.01868
 305.200  0.02072
 305.500  0.01839
 305.800  0.01491
 306.100  0.01056
 306.400  0.00570
 306.700  0.00043
 307.000 -0.00512
 307.300 -0.00646
 307.600  0.00520
 307.900  0.02173
 308.200  0.02619
 308.500  0.01988
 308.800  0.00663
 309.100 -0.00689
 309.400 -0.00631
 309.700  0.00206
 310.000  0.00266
 310.300 -0.00264
 310.600 -0.00798
 310.900 -0.01012
 311.200 -0.00167
 311.500  0.01327
 311.800  0.02328
 312.100  0.02790
 312.400  0.02741
 312.700  0.02316
 313.000  0.01885
 313.300  0.01088
 313.600 -0.01177
 313.900 -0.04017
 314.200 -0.04543
 314.500 -0.02941
 314.800 -0.00389
 315.100  0.01927
 315.400  0.00436
 315.700 -0.03417
 316.000 -0.03828
 316.300 -0.01516
 316.600 -0.00666
 316.900 -0.01060
 317.200 -0.00576
 317.500  0.00462
 317.800  0.00079
 318.100 -0.01348
 318.400 -0.01554
 318.700 -0.00727
 319.000 -0.00610
 319.300 -0.01101
 319.600 -0.00948
 319.900 -0.00239
 320.200 -0.00016
 320.500 -0.00281
 320.800 -0.00449
 321.100 -0.00448
 321.400 -0.00293
 321.700 -0.00068
 322.000 -0.00193
 322.300 -0.00589
 322.600 -0.00501
 322.900  0.00168
 323.200  0.01343
 323.500  0.02737
 323.800  0.02734
 324.100  0.01378
 324.400  0.00527
 324.700  0.00461
 325.000  0.00945
 325.300  0.01748
 325.600  0.01608
 325.900  0.00443
 326.200 -0.00676
 326.500 -0.01545
 326.800 -0.02203
 327.100 -0.02585
 327.400 -0.02144
 327.700 -0.00879
 328.000  0.00265
 328.300  0.00932
 328.600 -0.00145
 328.900 -0.02828
 329.200 -0.03223
 329.500 -0.00855
 329.800 -0.00165
 330.100 -0.01877
 330.400 -0.02084
 330.700 -0.00037
 331.000  0.01377
 331.300  0.01466
 331.600  0.01272
 331.900  0.01024
 332.200 -0.00072
 332.500 -0.02105
 332.800 -0.03235
 333.100 -0.02933
 333.400 -0.01675
 333.700  0.00234
 334.000  0.00501
 334.300 -0.01435
 334.600 -0.02457
 334.900 -0.01604
 335.200 -0.00786
 335.500 -0.00646
 335.800 -0.00460
 336.100  0.00064
 336.400  0.01327
 336.700  0.03370
 337.000  0.03760
 337.300  0.01646
 337.600 -0.00068
 337.900 -0.00220
 338.200 -0.00200
 338.500 -0.00591
 338.800 -0.00812
 339.100 -0.00600
 339.400  0.00131
 339.700  0.01388
 340.000  0.02058
 340.300  0.01635
 340.600  0.01628
 340.900  0.02751
 341.200  0.02685
 341.500  0.00255
 341.800 -0.02104
 342.100 -0.03066
 342.400 -0.03574
 342.700 -0.04151
 343.000 -0.03817
 343.300 -0.02024
 343.600 -0.01431
 343.900 -0.03652
 344.200 -0.05536
 344.500 -0.05061
 344.800 -0.03485
 345.100 -0.01656
 345.400 -0.00100
 345.700  0.00822
 346.000  0.01919
 346.300  0.03773
 346.600  0.04397
 346.900  0.02288
 347.200 -0.00042
 347.500 -0.00600
 347.800 -0.00018
 348.100  0.01177
 348.400  0.02198
 348.700  0.02361
 349.000  0.02258
 349.300  0.02423
 349.600  0.02046
 349.900  0.00361
 350.200 -0.01701
 350.500 -0.03217
 350.800 -0.03602
 351.100 -0.02252
 351.400 -0.00471
 351.700  0.00328
 352.000  0.00710
 352.300  0.01315
 352.600  0.00821
 352.900 -0.02334
 353.200 -0.05171
 353.500 -0.04014
 353.800 -0.01024
 354.100  0.01001
 354.400  0.01912
 354.700  0.01523
 355.000  0.00642
 355.300  0.00402
 355.600  0.00911
 355.900  0.02320
 356.200  0.03801
 356.500  0.04091
 356.800  0.03284
 357.100  0.01546
 357.400 -0.00371
 357.700 -0.01233
 358.000 -0.01146
 358.300 -0.00325
 358.600  0.00674
 358.900  0.00866
 359.200  0.00804
 359.500  0.01547
 359.800  0.02987
 360.100  0.04871
 360.400  0.06496
 360.700  0.06466
 361.000  0.05411
 361.300  0.04725
 361.600  0.03844
 361.900  0.01445
 362.200 -0.01546
 362.500 -0.02944
 362.800 -0.02805
 363.100 -0.01453
 363.400  0.00499
 363.700  0.01595
 364.000  0.01934
 364.300  0.01934
 364.600  0.02033
 364.900  0.03337
 365.200  0.04696
 365.500  0.02799
 365.800 -0.01069
 366.100 -0.02710
 366.400 -0.02313
 366.700 -0.01205
 367.000  0.00048
 367.300 -0.00021
 367.600 -0.01178
 367.900 -0.02337
 368.200 -0.02865
 368.500 -0.00925
 368.800  0.02723
 369.100  0.04916
 369.400  0.05423
 369.700  0.04373
 370.000  0.02498
 370.300  0.02502
 370.600  0.03781
 370.900  0.02951
 371.200  0.00532
 371.500  0.00061
 371.800  0.01770
 372.100  0.05034
 372.400  0.08617
 372.700  0.07339
 373.000  0.02047
 373.300 -0.00478
 373.600  0.00084
 373.900  0.01160
 374.200  0.02355
 374.500  0.03369
 374.800  0.03866
 375.100  0.02278
 375.400 -0.00940
 375.700 -0.02022
 376.000 -0.00763
 376.300  0.00698
 376.600  0.02094
 376.900  0.03873
 377.200  0.05755
 377.500  0.05503
 377.800  0.03191
 378.100  0.01899
 378.400  0.02114
 378.700  0.03314
 379.000  0.05224
 379.300  0.06591
 379.600  0.07027
 379.900  0.05508
 380.200  0.02262
 380.500  0.00866
 380.800  0.01788
 381.100  0.02387
 381.400  0.02151
 381.700  0.01888
 382.000  0.01929
 382.300  0.03594
 382.600  0.06812
 382.900  0.07629
 383.200  0.05420
 383.500  0.04330
 383.800  0.05289
 384.100  0.06277
 384.400  0.06719
 384.700  0.06488
 385.000  0.05667
 385.300  0.05777
 385.600  0.07104
 385.900  0.07315
 386.200  0.05804
 386.500  0.04379
 386.800  0.03643
 387.100  0.03783
 387.400  0.04783
 387.700  0.05390
 388.000  0.05162
 388.300  0.04145
 388.600  0.02481
 388.900  0.02557
 389.200  0.05092
 389.500  0.06084
 389.800  0.04051
 390.100  0.01493
 390.400 -0.00511
 390.700 -0.00805
 391.000  0.01034
 391.300  0.03003
 391.600  0.04195
 391.900  0.04214
 392.200  0.02912
 392.500  0.01382
 392.800  0.00175
 393.100  0.00095
 393.400  0.01494
 393.700  0.02333
 394.000  0.01582
 394.300  0.00868
 394.600  0.01058
 394.900  0.01321
 395.200  0.01186
 395.500  0.00694
 395.800 -0.00114
 396.100 -0.00168
 396.400  0.01166
 396.700  0.02148
 397.000  0.01678
 397.300  0.00739
 397.600 -0.00009
 397.900  0.00326
 398.200  0.02346
 398.500  0.03298
 398.800  0.01216
 399.100 -0.00311
 399.400  0.01406
 399.700  0.03867
 400.000  0.05115
 400.300  0.05450
 400.600  0.05119
 400.900  0.03895
 401.200  0.01584
 401.500 -0.00388
 401.800 -0.00748
 402.100  0.00396
 402.400  0.02944
 402.700  0.05360
 403.000  0.06143
 403.300  0.05498
 403.600  0.03633
 403.900  0.01216
 404.200 -0.01041
 404.500 -0.02556
 404.800 -0.02677
 405.100 -0.01767
 405.400 -0.00247
 405.700  0.01695
 406.000  0.03831
 406.300  0.05650
 406.600  0.06504
 406.900  0.06483
 407.200  0.05708
 407.500  0.04205
 407.800  0.02013
 408.100  0.00122
 408.400 -0.00042
 408.700  0.00826
 409.000  0.01668
 409.300  0.02528
 409.600  0.03491
 409.900  0.04080
 410.200  0.03512
 410.500  0.02821
 410.800  0.03770
 411.100  0.05052
 411.400  0.04311
 411.700  0.02410
 412.000  0.01014
 412.300  0.00485
 412.600  0.01445
 412.900  0.03096
 413.200  0.03824
 413.500  0.03952
 413.800  0.04242
 414.100  0.04594
 414.400  0.04749
 414.700  0.04673
 415.000  0.04302
 415.300  0.04015
 415.600  0.04688
 415.900  0.05733
 416.200  0.05651
 416.500  0.04991
 416.800  0.05292
 417.100  0.06148
 417.400  0.06310
 417.700  0.05712
 418.000  0.04356
 418.300  0.02798
 418.600  0.02610
 418.900  0.03935
 419.200  0.06912
 419.500  0.10296
 419.800  0.10272
 420.100  0.08017
 420.400  0.08100
 420.700  0.10078
 421.000  0.11381
 421.300  0.11917
 421.600  0.12065
 421.900  0.11934
 422.200  0.11794
 422.500  0.11976
 422.800  0.13623
 423.100  0.16163
 423.400  0.16974
 423.700  0.16157
 424.000  0.15175
 424.300  0.14005
 424.600  0.11896
 424.900  0.09203
 425.200  0.07834
 425.500  0.07840
 425.800  0.08430
 426.100  0.09382
 426.400  0.10110
 426.700  0.10466
 427.000  0.10085
 427.300  0.09063
 427.600  0.08147
 427.900  0.07608
 428.200  0.08343
 428.500  0.10032
 428.800  0.10086
 429.100  0.08495
 429.400  0.07619
 429.700  0.07833
 430.000  0.09036
 430.300  0.10949
 430.600  0.11871
 430.900  0.11613
 431.200  0.10980
 431.500  0.10259
 431.800  0.10397
 432.100  0.11438
 432.400  0.12288
 432.700  0.12746
 433.000  0.13031
 433.300  0.13159
 433.600  0.12884
 433.900  0.12319
 434.200  0.12939
 434.500  0.14862
 434.800  0.15962
 435.100  0.15781
 435.400  0.14876
 435.700  0.13517
 436.000  0.13026
 436.300  0.13805
 436.600  0.16411
 436.900  0.20761
 437.200  0.24077
 437.500  0.25630
 437.800  0.26296
 438.100  0.26251
 438.400  0.24367
 438.700  0.20505
 439.000  0.17644
 439.300  0.16611
 439.600  0.15364
 439.900  0.13313
 440.200  0.12014
 440.500  0.12011
 440.800  0.13321
 441.100  0.15760
 441.400  0.15767
 441.700  0.12304
 442.000  0.11647
 442.300  0.15942
 442.600  0.18114
 442.900  0.15479
 443.200  0.12951
 443.500  0.12518
 443.800  0.11564
 444.100  0.09026
 444.400  0.07568
 444.700  0.08362
 445.000  0.09773
 445.300  0.11039
 445.600  0.12837
 445.900  0.15457
 446.200  0.17025
 446.500  0.16598
 446.800  0.15320
 447.100  0.13820
 447.400  0.12960
 447.700  0.13212
 448.000  0.14076
 448.300  0.15246
 448.600  0.15749
 448.900  0.15001
 449.200  0.13362
 449.500  0.11064
 449.800  0.08648
 450.100  0.06479
 450.400  0.05643
 450.700  0.06873
 451.000  0.08848
 451.300  0.10625
 451.600  0.11631
 451.900  0.11440
 452.200  0.10884
 452.500  0.10606
 452.800  0.10843
 453.100  0.11784
 453.400  0.12390
 453.700  0.11785
 454.000  0.11086
 454.300  0.11272
 454.600  0.11271
 454.900  0.10097
 455.200  0.08988
 455.500  0.09133
 455.800  0.09781
 456.100  0.10174
 456.400  0.10920
 456.700  0.12662
 457.000  0.14222
 457.300  0.14301
 457.600  0.13454
 457.900  0.12321
 458.200  0.10970
 458.500  0.09482
 458.800  0.08733
 459.100  0.09822
 459.400  0.11301
 459.700  0.11272
 460.000  0.10667
 460.300  0.10770
 460.600  0.11604
 460.900  0.13192
 461.200  0.14331
 461.500  0.13242
 461.800  0.11764
 462.100  0.12764
 462.400  0.14569
 462.700  0.14443
 463.000  0.12940
 463.300  0.11043
 463.600  0.09556
 463.900  0.09851
 464.200  0.11195
 464.500  0.12219
 464.800  0.12841
 465.100  0.12959
 465.400  0.12659
 465.700  0.12114
 466.000  0.11795
 466.300  0.12657
 466.600  0.13599
 466.900  0.12228
 467.200  0.09926
 467.500  0.09905
 467.800  0.11423
 468.100  0.12509
 468.400  0.12959
 468.700  0.12467
 469.000  0.11793
 469.300  0.12855
 469.600  0.15155
 469.900  0.17184
 470.200  0.18360
 470.500  0.17324
 470.800  0.14545
 471.100  0.11537
 471.400  0.09352
 471.700  0.10776
 472.000  0.14261
 472.300  0.14619
 472.600  0.12385
 472.900  0.10342
 473.200  0.08993
 473.500  0.09326
 473.800  0.10578
 474.100  0.09906
 474.400  0.08049
 474.700  0.08437
 475.000  0.10498
 475.300  0.11037
 475.600  0.10490
 475.900  0.11652
 476.200  0.14131
 476.500  0.15269
 476.800  0.15092
 477.100  0.14855
 477.400  0.14807
 477.700  0.15444
 478.000  0.16494
 478.300  0.16475
 478.600  0.15361
 478.900  0.13877
 479.200  0.12257
 479.500  0.11196
 479.800  0.10680
 480.100  0.10157
 480.400  0.09636
 480.700  0.09592
 481.000  0.10060
 481.300  0.10850
 481.600  0.11716
 481.900  0.11383
 482.200  0.10094
 482.500  0.10609
 482.800  0.12850
 483.100  0.13272
 483.400  0.11680
 483.700  0.11027
 484.000  0.11711
 484.300  0.12655
 484.600  0.13553
 484.900  0.13694
 485.200  0.13151
 485.500  0.13642
 485.800  0.15323
 486.100  0.16491
 486.400  0.16687
 486.700  0.15190
 487.000  0.12242
 487.300  0.11577
 487.600  0.13713
 487.900  0.14985
 488.200  0.14673
 488.500  0.14829
 488.800  0.15907
 489.100  0.17016
 489.400  0.17881
 489.700  0.18134
 490.000  0.17732
 490.300  0.17445
 490.600  0.17504
 490.900  0.17939
 491.200  0.18771
 491.500  0.20170
 491.800  0.22083
 492.100  0.22921
 492.400  0.22313
 492.700  0.22752
 493.000  0.24900
 493.300  0.25321
 493.600  0.22941
 493.900  0.20657
 494.200  0.19540
 494.500  0.19318
 494.800  0.19837
 495.100  0.20024
 495.400  0.19532
 495.700  0.20334
 496.000  0.23154
 496.300  0.25341
 496.600  0.25764
 496.900  0.25157
 497.200  0.23879
 497.500  0.22740
 497.800  0.22113
 498.100  0.21755
 498.400  0.21552
 498.700  0.21692
 499.000  0.22239
 499.300  0.21770
 499.600  0.19577
 499.900  0.17984
 500.200  0.18236
 500.500  0.18145
 500.800  0.16484
 501.100  0.15001
 501.400  0.14745
 501.700  0.15889
 502.000  0.18518
 502.300  0.20451
 502.600  0.20280
 502.900  0.18705
 503.200  0.16212
 503.500  0.14717
 503.800  0.15556
 504.100  0.17015
 504.400  0.17839
 504.700  0.18341
 505.000  0.18759
 505.300  0.18968
 505.600  0.18867
 505.900  0.18403
 506.200  0.17533
 506.500  0.17080
 506.800  0.17761
 507.100  0.18919
 507.400  0.19958
 507.700  0.20083
 508.000  0.18536
 508.300  0.16942
 508.600  0.16913
 508.900  0.18029
 509.200  0.19856
 509.500  0.21276
 509.800  0.21075
 510.100  0.20620
 510.400  0.21461
 510.700  0.23460
 511.000  0.26449
 511.300  0.29908
 511.600  0.33193
 511.900  0.35196
 512.200  0.34484
 512.500  0.34607
 512.800  0.40362
 513.100  0.47807
 513.400  0.51371
 513.700  0.53132
 514.000  0.56189
 514.300  0.60095
 514.600  0.64124
 514.900  0.68994
 515.200  0.75858
 515.500  0.83903
 515.800  0.91757
 516.100  1.00561
 516.400  1.12317
 516.700  1.24486
 517.000  1.32466
 517.300  1.36557
 517.600  1.37485
 517.900  1.34979
 518.200  1.28477
 518.500  1.18612
 518.800  1.06687
 519.100  0.92925
 519.400  0.77716
 519.700  0.62185
 520.000  0.48759
 520.300  0.38091
 520.600  0.31474
 520.900  0.28449
 521.200  0.27825
 521.500  0.28648
 521.800  0.28703
 522.100  0.28005
 522.400  0.26848
 522.700  0.25867
 523.000  0.26703
 523.300  0.28232
 523.600  0.27121
 523.900  0.24160
 524.200  0.22152
 524.500  0.21160
 524.800  0.20860
 525.100  0.21740
 525.400  0.25382
 525.700  0.30600
 526.000  0.33216
 526.300  0.33397
 526.600  0.32761
 526.900  0.31880
 527.200  0.32291
 527.500  0.33720
 527.800  0.34699
 528.100  0.34867
 528.400  0.33370
 528.700  0.30723
 529.000  0.29270
 529.300  0.28892
 529.600  0.28127
 529.900  0.27021
 530.200  0.26446
 530.500  0.26661
 530.800  0.28380
 531.100  0.31466
 531.400  0.34879
 531.700  0.38326
 532.000  0.41020
 532.300  0.42989
 532.600  0.44906
 532.900  0.46877
 533.200  0.48966
 533.500  0.50640
 533.800  0.48906
 534.100  0.43955
 534.400  0.39537
 534.700  0.36375
 535.000  0.35180
 535.300  0.35800
 535.600  0.36493
 535.900  0.37151
 536.200  0.39070
 536.500  0.41974
 536.800  0.42272
 537.100  0.39699
 537.400  0.37385
 537.700  0.35873
 538.000  0.34513
 538.300  0.33212
 538.600  0.32328
 538.900  0.32116
 539.200  0.34081
 539.500  0.38056
 539.800  0.39446
 540.100  0.37589
 540.400  0.36572
 540.700  0.37084
 541.000  0.35872
 541.300  0.32394
 541.600  0.29828
 541.900  0.29072
 542.200  0.30603
 542.500  0.34260
 542.800  0.36503
 543.100  0.36483
 543.400  0.36501
 543.700  0.37112
 544.000  0.36356
 544.300  0.33743
 544.600  0.31144
 544.900  0.29207
 545.200  0.28423
 545.500  0.28914
 545.800  0.29893
 546.100  0.30938
 546.400  0.29543
 546.700  0.25030
 547.000  0.22208
 547.300  0.22845
 547.600  0.25316
 547.900  0.28822
 548.200  0.29984
 548.500  0.27581
 548.800  0.26069
 549.100  0.27343
 549.400  0.30646
 549.700  0.35515
 550.000  0.38346
 550.300  0.37518
 550.600  0.35006
 550.900  0.31846
 551.200  0.30849
 551.500  0.33370
 551.800  0.36783
 552.100  0.39726
 552.400  0.42747
 552.700  0.46121
 553.000  0.48364
 553.300  0.48664
 553.600  0.48730
 553.900  0.49563
 554.200  0.50402
 554.500  0.50786
 554.800  0.51096
 555.100  0.51579
 555.400  0.52755
 555.700  0.54970
 556.000  0.58342
 556.300  0.62937
 556.600  0.65982
 556.900  0.65475
 557.200  0.62606
 557.500  0.58272
 557.800  0.52142
 558.100  0.43961
 558.400  0.36363
 558.700  0.31508
 559.000  0.28316
 559.300  0.25863
 559.600  0.24234
 559.900  0.23507
 560.200  0.23079
 560.500  0.22384
 560.800  0.21258
 561.100  0.19538
 561.400  0.18092
 561.700  0.17808
 562.000  0.17763
 562.300  0.16970
 562.600  0.16150
 562.900  0.16117
 563.200  0.16472
 563.500  0.16753
 563.800  0.16870
 564.100  0.16711
 564.400  0.17197
 564.700  0.19499
 565.000  0.21952
 565.300  0.22333
 565.600  0.21588
 565.900  0.21042
 566.200  0.20609
 566.500  0.20152
 566.800  0.19924
 567.100  0.20308
 567.400  0.20954
 567.700  0.21308
 568.000  0.22399
 568.300  0.25917
 568.600  0.29960
 568.900  0.31256
 569.200  0.31009
 569.500  0.31449
 569.800  0.32207
 570.100  0.32528
 570.400  0.32204
 570.700  0.30872
 571.000  0.29903
 571.300  0.32039
 571.600  0.36365
 571.900  0.40825
 572.200  0.44613
 572.500  0.46128
 572.800  0.46147
 573.100  0.46526
 573.400  0.47120
 573.700  0.47429
 574.000  0.47564
 574.300  0.47845
 574.600  0.48523
 574.900  0.50199
 575.200  0.52528
 575.500  0.54538
 575.800  0.55608
 576.100  0.54191
 576.400  0.51046
 576.700  0.48564
 577.000  0.47175
 577.300  0.47714
 577.600  0.49698
 577.900  0.51482
 578.200  0.53060
 578.500  0.54776
 578.800  0.56277
 579.100  0.56306
 579.400  0.55257
 579.700  0.54832
 580.000  0.54973
 580.300  0.54965
 580.600  0.54679
 580.900  0.53880
 581.200  0.53017
 581.500  0.53923
 581.800  0.56535
 582.100  0.59863
 582.400  0.63491
 582.700  0.66109
 583.000  0.67530
 583.300  0.67576
 583.600  0.66788
 583.900  0.67732
 584.200  0.70145
 584.500  0.71226
 584.800  0.71262
 585.100  0.73514
 585.400  0.77703
 585.700  0.80036
 586.000  0.80674
 586.300  0.83477
 586.600  0.88200
 586.900  0.90112
 587.200  0.89769
 587.500  0.94974
 587.800  1.06237
 588.100  1.18635
 588.400  1.30948
 588.700  1.40779
 589.000  1.46998
 589.300  1.44827
 589.600  1.33795
 589.900  1.17043
 590.200  0.96185
 590.500  0.78735
 590.800  0.66304
 591.100  0.59345
 591.400  0.57260
 591.700  0.54216
 592.000  0.49264
 592.300  0.45658
 592.600  0.44058
 592.900  0.43509
 593.200  0.43685
 593.500  0.43668
 593.800  0.43314
 594.100  0.43568
 594.400  0.44593
 594.700  0.45435
 595.000  0.45845
 595.300  0.45972
 595.600  0.45784
 595.900  0.44328
 596.200  0.41432
 596.500  0.38643
 596.800  0.36447
 597.100  0.34896
 597.400  0.34061
 597.700  0.34782
 598.000  0.37251
 598.300  0.40005
 598.600  0.42496
 598.900  0.44064
 599.200  0.44494
 599.500  0.44242
 599.800  0.43463
 600.100  0.41811
 600.400  0.39230
 600.700  0.37445
 601.000  0.37112
 601.300  0.36992
 601.600  0.36579
 601.900  0.36533
 602.200  0.37112
 602.500  0.37320
 602.800  0.36698
 603.100  0.35216
 603.400  0.32918
 603.700  0.32009
 604.000  0.33552
 604.300  0.36211
 604.600  0.39250
 604.900  0.40846
 605.200  0.40025
 605.500  0.37451
 605.800  0.33530
 606.100  0.30256
 606.400  0.28782
 606.700  0.28349
 607.000  0.28490
 607.300  0.28880
 607.600  0.29305
 607.900  0.29158
 608.200  0.28054
 608.500  0.27648
 608.800  0.29071
 609.100  0.31265
 609.400  0.33465
 609.700  0.34440
 610.000  0.33279
 610.300  0.32235
 610.600  0.33056
 610.900  0.34719
 611.200  0.36400
 611.500  0.39041
 611.800  0.43440
 612.100  0.47282
 612.400  0.48522
 612.700  0.48915
 613.000  0.50083
 613.300  0.51576
 613.600  0.52959
 613.900  0.55191
 614.200  0.59240
 614.500  0.64962
 614.800  0.72203
 615.100  0.80969
 615.400  0.91267
 615.700  0.97446
 616.000  0.92974
 616.300  0.82355
 616.600  0.71038
 616.900  0.60444
 617.200  0.52351
 617.500  0.47106
 617.800  0.45162
 618.100  0.45181
 618.400  0.45327
 618.700  0.45154
 619.000  0.44042
 619.300  0.42229
 619.600  0.40075
 619.900  0.38159
 620.200  0.37371
 620.500  0.38270
 620.800  0.41738
 621.100  0.45802
 621.400  0.47127
 621.700  0.46520
 622.000  0.45488
 622.300  0.44791
 622.600  0.45763
 622.900  0.47392
 623.200  0.47713
 623.500  0.47628
 623.800  0.49005
 624.100  0.50888
 624.400  0.51222
 624.700  0.50027
 625.000  0.47470
 625.300  0.44828
 625.600  0.44915
 625.900  0.46782
 626.200  0.48014
 626.500  0.49325
 626.800  0.52653
 627.100  0.56732
 627.400  0.58212
 627.700  0.57664
 628.000  0.56969
 628.300  0.56566
 628.600  0.57383
 628.900  0.59065
 629.200  0.60481
 629.500  0.61875
 629.800  0.64153
 630.100  0.66420
 630.400  0.65798
 630.700  0.63076
 631.000  0.61354
 631.300  0.60634
 631.600  0.60186
 631.900  0.59676
 632.200  0.58153
 632.500  0.56232
 632.800  0.56373
 633.100  0.58496
 633.400  0.61517
 633.700  0.65016
 634.000  0.67780
 634.300  0.69145
 634.600  0.66946
 634.900  0.62512
 635.200  0.62331
 635.500  0.65690
 635.800  0.66394
 636.100  0.64619
 636.400  0.64423
 636.700  0.65956
 637.000  0.67576
 637.300  0.69107
 637.600  0.70721
 637.900  0.72082
 638.200  0.71339
 638.500  0.68753
 638.800  0.67147
 639.100  0.67011
 639.400  0.68733
 639.700  0.71800
 640.000  0.72835
 640.300  0.71725
 640.600  0.71185
 640.900  0.71832
 641.200  0.74647
 641.500  0.79187
 641.800  0.81264
 642.100  0.80752
 642.400  0.82318
 642.700  0.86457
 643.000  0.90037
 643.300  0.92555
 643.600  0.95071
 643.900  0.97869
 644.200  1.01424
 644.500  1.05642
 644.800  1.08791
 645.100  1.10477
 645.400  1.10771
 645.700  1.09575
 646.000  1.05748
 646.300  0.99406
 646.600  0.94712
 646.900  0.92658
 647.200  0.92176
 647.500  0.93013
 647.800  0.95621
 648.100  0.99767
 648.400  1.01041
 648.700  0.98386
 649.000  0.95060
 649.300  0.92023
 649.600  0.88684
 649.900  0.84944
 650.200  0.82195
 650.500  0.80831
 650.800  0.79772
 651.100  0.78627
 651.400  0.77102
 651.700  0.75184
 652.000  0.74603
 652.300  0.75898
 652.600  0.76909
 652.900  0.76851
 653.200  0.76954
 653.500  0.77704
 653.800  0.78801
 654.100  0.80043
 654.400  0.79467
 654.700  0.76372
 655.000  0.75229
 655.300  0.77958
 655.600  0.80823
 655.900  0.82082
 656.200  0.82804
 656.500  0.83515
 656.800  0.84360
 657.100  0.85414
 657.400  0.86828
 657.700  0.88659
 658.000  0.89879
 658.300  0.89913
 658.600  0.88336
 658.900  0.84949
 659.200  0.82757
 659.500  0.83533
 659.800  0.84818
 660.100  0.85079
 660.400  0.84443
 660.700  0.82996
 661.000  0.81470
 661.300  0.80355
 661.600  0.79433
 661.900  0.78546
 662.200  0.77089
 662.500  0.74624
 662.800  0.72906
 663.100  0.73278
 663.400  0.73982
 663.700  0.73618
 664.000  0.74238
 664.300  0.77553
 664.600  0.80056
 664.900  0.78689
 665.200  0.77041
 665.500  0.78381
 665.800  0.80154
 666.100  0.79923
 666.400  0.78325
 666.700  0.75995
 667.000  0.73976
 667.300  0.73357
 667.600  0.73045
 667.900  0.71846
 668.200  0.71259
 668.500  0.72997
 668.800  0.74653
 669.100  0.73363
 669.400  0.70762
 669.700  0.68893
 670.000  0.67452
 670.300  0.66033
 670.600  0.64217
 670.900  0.61434
 671.200  0.58479
 671.500  0.56474
 671.800  0.55732
 672.100  0.56698
 672.400  0.58290
 672.700  0.58845
 673.000  0.58780
 673.300  0.58785
 673.600  0.58617
 673.900  0.57861
 674.200  0.56801
 674.500  0.55943
 674.800  0.55201
 675.100  0.54403
 675.400  0.53604
 675.700  0.52913
 676.000  0.52484
 676.300  0.52616
 676.600  0.52878
 676.900  0.52383
 677.200  0.51338
 677.500  0.50232
 677.800  0.48803
 678.100  0.46444
 678.400  0.43308
 678.700  0.39793
 679.000  0.36657
 679.300  0.35651
 679.600  0.35745
 679.900  0.34231
 680.200  0.32358
 680.500  0.33632
 680.800  0.36477
 681.100  0.36252
 681.400  0.33639
 681.700  0.31213
 682.000  0.29923
 682.300  0.32058
 682.600  0.36015
 682.900  0.36577
 683.200  0.34586
 683.500  0.33733
 683.800  0.33876
 684.100  0.33701
 684.400  0.33093
 684.700  0.32008
 685.000  0.31019
 685.300  0.32141
 685.600  0.34398
 685.900  0.33607
 686.200  0.30277
 686.500  0.27791
 686.800  0.26021
 687.100  0.23170
 687.400  0.19591
 687.700  0.17500
 688.000  0.17227
 688.300  0.19169
 688.600  0.22583
 688.900  0.23945
 689.200  0.23291
 689.500  0.22774
 689.800  0.22584
 690.100  0.22330
 690.400  0.21985
 690.700  0.21681
 691.000  0.21342
 691.300  0.20469
 691.600  0.19286
 691.900  0.19430
 692.200  0.20740
 692.500  0.20813
 692.800  0.19730
 693.100  0.20340
 693.400  0.22722
 693.700  0.24320
 694.000  0.24517
 694.300  0.22221
 694.600  0.17875
 694.900  0.15990
 695.200  0.17064
 695.500  0.18326
 695.800  0.19159
 696.100  0.19119
 696.400  0.18401
 696.700  0.19369
 697.000  0.22174
 697.300  0.23660
 697.600  0.23306
 697.900  0.22960
 698.200  0.22996
 698.500  0.22772
 698.800  0.22217
 699.100  0.22243
 699.400  0.23002
 699.700  0.23585
 700.000  0.23862
 700.300  0.25135
 700.600  0.27514
 700.900  0.27924
 701.200  0.25671
 701.500  0.23409
 701.800  0.21977
 702.100  0.21819
 702.400  0.23053
 702.700  0.25356
 703.000  0.28507
 703.300  0.30725
 703.600  0.31411
 703.900  0.30803
 704.200  0.29066
 704.500  0.27637
 704.800  0.27014
 705.100  0.26510
 705.400  0.25859
 705.700  0.25070
 706.000  0.24169
 706.300  0.23709
 706.600  0.23910
 706.900  0.24491
 707.200  0.25337
 707.500  0.26629
 707.800  0.28396
 708.100  0.29023
 708.400  0.27825
 708.700  0.27146
 709.000  0.28107
 709.300  0.29912
 709.600  0.32135
 709.900  0.33819
 710.200  0.34479
 710.500  0.35200
 710.800  0.36545
 711.100  0.36781
 711.400  0.34945
 711.700  0.32446
 712.000  0.30139
 712.300  0.29360
 712.600  0.30917
 712.900  0.33053
 713.200  0.34639
 713.500  0.35399
 713.800  0.35152
 714.100  0.34411
 714.400  0.33535
 714.700  0.32747
 715.000  0.32207
 715.300  0.31859
 715.600  0.31660
 715.900  0.31673
 716.200  0.31943
 716.500  0.31413
 716.800  0.29215
 717.100  0.26537
 717.400  0.24407
 717.700  0.23410
 718.000  0.24073
 718.300  0.24760
 718.600  0.23935
 718.900  0.23450
 719.200  0.25132
 719.500  0.28187
 719.800  0.31801
 720.100  0.34576
 720.400  0.35010
 720.700  0.34059
 721.000  0.32801
 721.300  0.32367
 721.600  0.34086
 721.900  0.35984
 722.200  0.35633
 722.500  0.34304
 722.800  0.33631
 723.100  0.33713
 723.400  0.34675
 723.700  0.36133
 724.000  0.37554
 724.300  0.38624
 724.600  0.38889
 724.900  0.38822
 725.200  0.39145
 725.500  0.39589
 725.800  0.39722
 726.100  0.39679
 726.400  0.39694
 726.700  0.39297
 727.000  0.37678
 727.300  0.35569
 727.600  0.34293
 727.900  0.33651
 728.200  0.33230
 728.500  0.33634
 728.800  0.36047
 729.100  0.38775
 729.400  0.38376
 729.700  0.36384
 730.000  0.36189
 730.300  0.37281
 730.600  0.38328
 730.900  0.39023
 731.200  0.38778
 731.500  0.38736
 731.800  0.41619
 732.100  0.46204
 732.400  0.49257
 732.700  0.51315
 733.000  0.54099
 733.300  0.56653
 733.600  0.56246
 733.900  0.53989
 734.200  0.53302
 734.500  0.53874
 734.800  0.54273
 735.100  0.54142
 735.400  0.52688
 735.700  0.50681
 736.000  0.50640
 736.300  0.52162
 736.600  0.53403
 736.900  0.54169
 737.200  0.54269
 737.500  0.53567
 737.800  0.51644
 738.100  0.49574
 738.400  0.51348
 738.700  0.55912
 739.000  0.57964
 739.300  0.57333
 739.600  0.55318
 739.900  0.52773
 740.200  0.52639
 740.500  0.54711
 740.800  0.56796
 741.100  0.58914
 741.400  0.62250
 741.700  0.66719
 742.000  0.71283
 742.300  0.75667
 742.600  0.79176
 742.900  0.81872
 743.200  0.84536
 743.500  0.87461
 743.800  0.91630
 744.100  0.96462
 744.400  0.97975
 744.700  0.96044
 745.000  0.93409
 745.300  0.90999
 745.600  0.91755
 745.900  0.95997
 746.200  1.02642
 746.500  1.10721
 746.800  1.15101
 747.100  1.14576
 747.400  1.07296
 747.700  0.94125
 748.000  0.83895
 748.300  0.77913
 748.600  0.72749
 748.900  0.67893
 749.200  0.64967
 749.500  0.64004
 749.800  0.62316
 750.100  0.59409
 750.400  0.56301
 750.700  0.53319
 751.000  0.51283
 751.300  0.50228
 751.600  0.48524
 751.900  0.46068
 752.200  0.46151
 752.500  0.49328
 752.800  0.51994
 753.100  0.53128
 753.400  0.52473
 753.700  0.50254
 754.000  0.50222
 754.300  0.53159
 754.600  0.54384
 754.900  0.52712
 755.200  0.52131
 755.500  0.53843
 755.800  0.56375
 756.100  0.59221
 756.400  0.62238
 756.700  0.65253
 757.000  0.66066
 757.300  0.64029
 757.600  0.62175
 757.900  0.61550
 758.200  0.59937
 758.500  0.56464
 758.800  0.51295
 759.100  0.44541
 759.400  0.37273
 759.700  0.30008
 760.000  0.24328
 760.300  0.20955
 760.600  0.20461
 760.900  0.23019
 761.200  0.25745
 761.500  0.27270
 761.800  0.28290
 762.100  0.29138
 762.400  0.29152
 762.700  0.28020
 763.000  0.27196
 763.300  0.27450
 763.600  0.27902
 763.900  0.28046
 764.200  0.27273
 764.500  0.25250
 764.800  0.23617
 765.100  0.23369
 765.400  0.24398
 765.700  0.26631
 766.000  0.29875
 766.300  0.33992
 766.600  0.37856
 766.900  0.40690
 767.200  0.42533
 767.500  0.43417
 767.800  0.43941
 768.100  0.44553
 768.400  0.46213
 768.700  0.49663
 769.000  0.53789
 769.300  0.57684
 769.600  0.60285
 769.900  0.60691
 770.200  0.60368
 770.500  0.60614
 770.800  0.61815
 771.100  0.64332
 771.400  0.67268
 771.700  0.69755
 772.000  0.71422
 772.300  0.71889
 772.600  0.72272
 772.900  0.73753
 773.200  0.77023
 773.500  0.82844
 773.800  0.89384
 774.100  0.94512
 774.400  0.99340
 774.700  1.05219
 775.000  1.14959
 775.300  1.32109
 775.600  1.58458
 775.900  1.96349
 776.200  2.46146
 776.500  3.08335
 776.800  3.73370
 777.100  4.27559
 777.400  4.58449
 777.700  4.47593
 778.000  3.99989
 778.300  3.23690
 778.600  2.31546
 778.900  1.44219
 779.200  0.73066
 779.500  0.36754
 779.800  0.25379
 780.100  0.21037
 780.400  0.20844
 780.700  0.20143
 781.000  0.19380
 781.300  0.19589
 781.600  0.20151
 781.900  0.19796
 782.200  0.19183
 782.500  0.19733
 782.800  0.20665
 783.100  0.20215
 783.400  0.19125
 783.700  0.19171
 784.000  0.19927
 784.300  0.20260
 784.600  0.20398
 784.900  0.20992
 785.200  0.21490
 785.500  0.20444
 785.800  0.18682
 786.100  0.18532
 786.400  0.19616
 786.700  0.20587
 787.000  0.21219
 787.300  0.21083
 787.600  0.20428
 787.900  0.20054
 788.200  0.19711
 788.500  0.18493
 788.800  0.16976
 789.100  0.17175
 789.400  0.18733
 789.700  0.19996
 790.000  0.21114
 790.300  0.23036
 790.600  0.25266
 790.900  0.25759
 791.200  0.24460
 791.500  0.21831
 791.800  0.18858
 792.100  0.19175
 792.400  0.21806
 792.700  0.21394
 793.000  0.18451
 793.300  0.17475
 793.600  0.18419
 793.900  0.18906
 794.200  0.18696
 794.500  0.17969
 794.800  0.16862
 795.100  0.15926
 795.400  0.15433
 795.700  0.16373
 796.000  0.18267
 796.300  0.17935
 796.600  0.15645
 796.900  0.15293
 797.200  0.16901
 797.500  0.17299
 797.800  0.16105
 798.100  0.13999
 798.400  0.11511
 798.700  0.11220
 799.000  0.13123
 799.300  0.14321
 799.600  0.14427
 799.900  0.14372
 800.200  0.14204
 800.500  0.13034
 800.800  0.10899
 801.100  0.09399
 801.400  0.09001
 801.700  0.10809
 802.000  0.14504
 802.300  0.15491
 802.600  0.13163
 802.900  0.11218
 803.200  0.10482
 803.500  0.10638
 803.800  0.11527
 804.100  0.12341
 804.400  0.12951
 804.700  0.14143
 805.000  0.16009
 805.300  0.17294
 805.600  0.17663
 805.900  0.17235
 806.200  0.16038
 806.500  0.14042
 806.800  0.11406
 807.100  0.10389
 807.400  0.11508
 807.700  0.12272
 808.000  0.11996
 808.300  0.12448
 808.600  0.14116
 808.900  0.15319
 809.200  0.15488
 809.500  0.14904
 809.800  0.13710
 810.100  0.12687
 810.400  0.12174
 810.700  0.13055
 811.000  0.15564
 811.300  0.17316
 811.600  0.17345
 811.900  0.15785
 812.200  0.12777
 812.500  0.10549
 812.800  0.10061
 813.100  0.10797
 813.400  0.12479
 813.700  0.13843
 814.000  0.14301
 814.300  0.14217
 814.600  0.13806
 814.900  0.14399
 815.200  0.16647
 815.500  0.19204
 815.800  0.21363
 816.100  0.23755
 816.400  0.26709
 816.700  0.28858
 817.000  0.29414
 817.300  0.28401
 817.600  0.25894
 817.900  0.26452
 818.200  0.32886
 818.500  0.40779
 818.800  0.47262
 819.100  0.54168
 819.400  0.62704
 819.700  0.66962
 820.000  0.62792
 820.300  0.56400
 820.600  0.52377
 820.900  0.51553
 821.200  0.54570
 821.500  0.62127
 821.800  0.74780
 822.100  0.87980
 822.400  0.97910
 822.700  1.00968
 823.000  0.94004
 823.300  0.80260
 823.600  0.62706
 823.900  0.45745
 824.200  0.33592
 824.500  0.27745
 824.800  0.29702
 825.100  0.34160
 825.400  0.35555
 825.700  0.33227
 826.000  0.26450
 826.300  0.19059
 826.600  0.15447
 826.900  0.13886
 827.200  0.12301
 827.500  0.10946
 827.800  0.10145
 828.100  0.09875
 828.400  0.10107
 828.700  0.10994
 829.000  0.12746
 829.300  0.14355
 829.600  0.14391
 829.900  0.13415
 830.200  0.12265
 830.500  0.11612
 830.800  0.12476
 831.100  0.13812
 831.400  0.13932
 831.700  0.12854
 832.000  0.10643
 832.300  0.08612
 832.600  0.09035
 832.900  0.10853
 833.200  0.12079
 833.500  0.12509
 833.800  0.11832
 834.100  0.11055
 834.400  0.12155
 834.700  0.13999
 835.000  0.14179
 835.300  0.13530
 835.600  0.13954
 835.900  0.14850
 836.200  0.14763
 836.500  0.14471
 836.800  0.15862
 837.100  0.18138
 837.400  0.19229
 837.700  0.19270
 838.000  0.18810
 838.300  0.17971
 838.600  0.16996
 838.900  0.16706
 839.200  0.19246
 839.500  0.22981
 839.800  0.23054
 840.100  0.20663
 840.400  0.20075
 840.700  0.20889
 841.000  0.21094
 841.300  0.21004
 841.600  0.22015
 841.900  0.24294
 842.200  0.28052
 842.500  0.32373
 842.800  0.34107
 843.100  0.34053
 843.400  0.35910
 843.700  0.39041
 844.000  0.39935
 844.300  0.40370
 844.600  0.48347
 844.900  0.63126
 845.200  0.78688
 845.500  0.92834
 845.800  0.99033
 846.100  0.96718
 846.400  0.86515
 846.700  0.69943
 847.000  0.53495
 847.300  0.38198
 847.600  0.25174
 847.900  0.15380
 848.200  0.12798
 848.500  0.16566
 848.800  0.19553
 849.100  0.20987
 849.400  0.22103
 849.700  0.22971
 850.000  0.22966
 850.300  0.22034
 850.600  0.20436
 850.900  0.18464
 851.200  0.17645
 851.500  0.17938
 851.800  0.17436
 852.100  0.16073
 852.400  0.15681
 852.700  0.16351
 853.000  0.16346
 853.300  0.15528
 853.600  0.15372
 853.900  0.16044
 854.200  0.16502
 854.500  0.16587
 854.800  0.16799
 855.100  0.17266
 855.400  0.18125
 855.700  0.19360
 856.000  0.20516
 856.300  0.21335
 856.600  0.20367
 856.900  0.17588
 857.200  0.16426
 857.500  0.17687
 857.800  0.20458
 858.100  0.24159
 858.400  0.24996
 858.700  0.22274
 859.000  0.20517
 859.300  0.20887
 859.600  0.21206
 859.900  0.20967
 860.200  0.22326
 860.500  0.25821
 860.800  0.29265
 861.100  0.31884
 861.400  0.32865
 861.700  0.32011
 862.000  0.30653
 862.300  0.29363
 862.600  0.29824
 862.900  0.32526
 863.200  0.34707
 863.500  0.35391
 863.800  0.36508
 864.100  0.38806
 864.400  0.41649
 864.700  0.44752
 865.000  0.47707
 865.300  0.50291
 865.600  0.51288
 865.900  0.50253
 866.200  0.50395
 866.500  0.53177
 866.800  0.57088
 867.100  0.61414
 867.400  0.67034
 867.700  0.74366
 868.000  0.82045
 868.300  0.89421
 868.600  0.99883
 868.900  1.15233
 869.200  1.32252
 869.500  1.49003
 869.800  1.59319
 870.100  1.59516
 870.400  1.48486
 870.700  1.25662
 871.000  1.01325
 871.300  0.82120
 871.600  0.69371
 871.900  0.63945
 872.200  0.63082
 872.500  0.64825
 872.800  0.65711
 873.100  0.63223
 873.400  0.59421
 873.700  0.55869
 874.000  0.51174
 874.300  0.44237
 874.600  0.37600
 874.900  0.33368
 875.200  0.30135
 875.500  0.26683
 875.800  0.23777
 876.100  0.22105
 876.400  0.21514
 876.700  0.21861
 877.000  0.21885
 877.300  0.20343
 877.600  0.17759
 877.900  0.14677
 878.200  0.12489
 878.500  0.12700
 878.800  0.13780
 879.100  0.13994
 879.400  0.13894
 879.700  0.14132
 880.000  0.14965
 880.300  0.16712
 880.600  0.18732
 880.900  0.20199
 881.200  0.21423
 881.500  0.22819
 881.800  0.23647
 882.100  0.22871
 882.400  0.21850
 882.700  0.22575
 883.000  0.24355
 883.300  0.26113
 883.600  0.27229
 883.900  0.26740
 884.200  0.25450
 884.500  0.24706
 884.800  0.24194
 885.100  0.23347
 885.400  0.22775
 885.700  0.23584
 886.000  0.24671
 886.300  0.23945
 886.600  0.22463
 886.900  0.22347
 887.200  0.22512
 887.500  0.20673
 887.800  0.18261
 888.100  0.18398
 888.400  0.19892
 888.700  0.19953
 889.000  0.18949
 889.300  0.17927
 889.600  0.17173
 889.900  0.17258
 890.200  0.17880
 890.500  0.18244
 890.800  0.17788
 891.100  0.15186
 891.400  0.11843
 891.700  0.11627
 892.000  0.13650
 892.300  0.14914
 892.600  0.15124
 892.900  0.13922
 893.200  0.11715
 893.500  0.09774
 893.800  0.08630
 894.100  0.09666
 894.400  0.11835
 894.700  0.11474
 895.000  0.09226
 895.300  0.08151
 895.600  0.08400
 895.900  0.09641
 896.200  0.11252
 896.500  0.11092
 896.800  0.09470
 897.100  0.08282
 897.400  0.07556
 897.700  0.06696
 898.000  0.05825
 898.300  0.05697
 898.600  0.06267
 898.900  0.07003
 899.200  0.07657
 899.500  0.07401
 899.800  0.06351
 900.100  0.05502
 900.400  0.04911
 900.700  0.04247
 901.000  0.03494
 901.300  0.02787
 901.600  0.02113
 901.900  0.01302
 902.200  0.00764
 902.500  0.02892
 902.800  0.07221
 903.100  0.08978
 903.400  0.07982
 903.700  0.07734
 904.000  0.08559
 904.300  0.08805
 904.600  0.08406
 904.900  0.08829
 905.200  0.10001
 905.500  0.09546
 905.800  0.07523
 906.100  0.07666
 906.400  0.10263
 906.700  0.11790
 907.000  0.11649
 907.300  0.10942
 907.600  0.09985
 907.900  0.09415
 908.200  0.09223
 908.500  0.08035
 908.800  0.05773
 909.100  0.04802
 909.400  0.05468
 909.700  0.05405
 910.000  0.04180
 910.300  0.03623
 910.600  0.04175
 910.900  0.05294
 911.200  0.06750
 911.500  0.07599
 911.800  0.07635
 912.100  0.07702
 912.400  0.08087
 912.700  0.09245
 913.000  0.11139
 913.300  0.11199
 913.600  0.08785
 913.900  0.07002
 914.200  0.06814
 914.500  0.06738
 914.800  0.06318
 915.100  0.06749
 915.400  0.08339
 915.700  0.08574
 916.000  0.06579
 916.300  0.04161
 916.600  0.02063
 916.900  0.00804
 917.200  0.00591
 917.500  0.01270
 917.800  0.02726
 918.100  0.03640
 918.400  0.03465
 918.700  0.03532
 919.000  0.04393
 919.300  0.03968
 919.600  0.01355
 919.900  0.00400
 920.200  0.02971
 920.500  0.06611
 920.800  0.09993
 921.100  0.11154
 921.400  0.09112
 921.700  0.08083
 922.000  0.10394
 922.300  0.12605
 922.600  0.12699
 922.900  0.11195
 923.200  0.08425
 923.500  0.05802
 923.800  0.04228
 924.100  0.04109
 924.400  0.05702
 924.700  0.07758
 925.000  0.09407
 925.300  0.09999
 925.600  0.09073
 925.900  0.08070
 926.200  0.08073
 926.500  0.08742
 926.800  0.09808
 927.100  0.10017
 927.400  0.08349
 927.700  0.06881
 928.000  0.07385
 928.300  0.09684
 928.600  0.13622
 928.900  0.17329
 929.200  0.19064
 929.500  0.19163
 929.800  0.17954
 930.100  0.15615
 930.400  0.12327
 930.700  0.09507
 931.000  0.08671
 931.300  0.07907
 931.600  0.05082
 931.900  0.01658
 932.200 -0.00660
 932.500 -0.01290
 932.800  0.00471
 933.100  0.02984
 933.400  0.04165
 933.700  0.04627
 934.000  0.05193
 934.300  0.05526
 934.600  0.05150
 934.900  0.04760
 935.200  0.05354
 935.500  0.05552
 935.800  0.03268
 936.100  0.00822
 936.400  0.01872
 936.700  0.04335
 937.000  0.04756
 937.300  0.04170
 937.600  0.04409
 937.900  0.05130
 938.200  0.05671
 938.500  0.05983
 938.800  0.05992
 939.100  0.05933
 939.400  0.06255
 939.700  0.06426
 940.000  0.05374
 940.300  0.03697
 940.600  0.02683
 940.900  0.02263
 941.200  0.02201
 941.500  0.02687
 941.800  0.04160
 942.100  0.06119
 942.400  0.07361
 942.700  0.07980
 943.000  0.08317
 943.300  0.08474
 943.600  0.08666
 943.900  0.08213
 944.200  0.05311
 944.500  0.01027
 944.800 -0.01501
 945.100 -0.02282
 945.400 -0.01831
 945.700 -0.00567
 946.000  0.00372
 946.300  0.01126
 946.600  0.02338
 946.900  0.04067
 947.200  0.06359
 947.500  0.08480
 947.800  0.07996
 948.100  0.05442
 948.400  0.03302
 948.700  0.01903
 949.000  0.01666
 949.300  0.02380
 949.600  0.03122
 949.900  0.03722
 950.200  0.03860
 950.500  0.03445
 950.800  0.02227
 951.100  0.00670
 951.400  0.00825
 951.700  0.02511
 952.000  0.03945
 952.300  0.04879
 952.600  0.05147
 952.900  0.04698
 953.200  0.03398
 953.500  0.01711
 953.800  0.02035
 954.100  0.04081
 954.400  0.04659
 954.700  0.03789
 955.000  0.04078
 955.300  0.05335
 955.600  0.04254
 955.900  0.00981
 956.200 -0.00514
 956.500  0.00191
 956.800  0.01646
 957.100  0.03387
 957.400  0.04039
 957.700  0.03535
 958.000  0.03121
 958.300  0.02978
 958.600  0.02732
 958.900  0.02326
 959.200  0.01895
 959.500  0.01547
 959.800  0.01900
 960.100  0.03008
 960.400  0.04204
 960.700  0.05263
 961.000  0.05519
 961.300  0.04977
 961.600  0.05144
 961.900  0.06249
 962.200  0.06923
 962.500  0.06858
 962.800  0.06466
 963.100  0.05909
 963.400  0.05775
 963.700  0.06113
 964.000  0.05621
 964.300  0.04088
 964.600  0.03532
 964.900  0.04430
 965.200  0.05116
 965.500  0.05097
 965.800  0.04684
 966.100  0.04000
 966.400  0.03379
 966.700  0.02917
 967.000  0.02317
 967.300  0.01492
 967.600  0.00761
 967.900  0.00281
 968.200  0.00796
 968.500  0.02504
 968.800  0.03714
 969.100  0.03816
 969.400  0.03971
 969.700  0.04590
 970.000  0.04157
 970.300  0.02134
 970.600  0.01264
 970.900  0.02672
 971.200  0.03805
 971.500  0.03553
 971.800  0.03900
 972.100  0.05721
 972.400  0.06538
 972.700  0.05183
 973.000  0.04056
 973.300  0.04375
 973.600  0.05159
 973.900  0.05862
 974.200  0.05472
 974.500  0.03454
 974.800  0.01598
 975.100  0.00951
 975.400  0.01834
 975.700  0.04417
 976.000  0.06634
 976.300  0.07199
 976.600  0.07374
 976.900  0.07980
 977.200  0.08046
 977.500  0.06920
 977.800  0.05820
 978.100  0.05610
 978.400  0.06112
 978.700  0.07188
 979.000  0.07970
 979.300  0.07787
 979.600  0.06928
 979.900  0.05624
 980.200  0.04471
 980.500  0.03968
 980.800  0.03936
 981.100  0.04219
 981.400  0.04320
 981.700  0.03783
 982.000  0.03117
 982.300  0.02809
 982.600  0.02829
 982.900  0.03146
 983.200  0.03934
 983.500  0.05373
 983.800  0.06556
 984.100  0.06482
 984.400  0.05877
 984.700  0.05576
 985.000  0.05377
 985.300  0.05039
 985.600  0.04264
 985.900  0.02680
 986.200  0.00932
 986.500 -0.00137
 986.800 -0.00559
 987.100 -0.00383
 987.400  0.00187
 987.700  0.00860
 988.000  0.01479
 988.300  0.01814
 988.600  0.02110
 988.900  0.02748
 989.200  0.03827
 989.500  0.05494
 989.800  0.06902
 990.100  0.06628
 990.400  0.05069
 990.700  0.02955
 991.000  0.01139
 991.300  0.01144
 991.600  0.02374
 991.900  0.03650
 992.200  0.04905
 992.500  0.06066
 992.800  0.07116
 993.100  0.08026
 993.400  0.08420
 993.700  0.07502
 994.000  0.05730
 994.300  0.04164
 994.600  0.03175
 994.900  0.03522
 995.200  0.04522
 995.500  0.04477
 995.800  0.03746
 996.100  0.03396
 996.400  0.03385
 996.700  0.03473
 997.000  0.03725
 997.300  0.04346
 997.600  0.05070
 997.900  0.05129
 998.200  0.04619
 998.500  0.03955
 998.800  0.03533
 999.100  0.04465
 999.400  0.06081
 999.700  0.06050
1000.000  0.04963
1000.300  0.05294
1000.600  0.06279
1000.900  0.04679
1001.200  0.01548
1001.500  0.01543
1001.800  0.03682
1002.100  0.02874
1002.400 -0.00038
1002.700 -0.00037
1003.000  0.02258
1003.300  0.02428
1003.600  0.00559
1003.900 -0.01097
1004.200 -0.02080
1004.500 -0.01473
1004.800  0.00440
1005.100  0.01906
1005.400  0.02509
1005.700  0.01304
1006.000 -0.01101
1006.300 -0.01116
1006.600  0.01137
1006.900  0.02556
1007.200  0.02835
1007.500  0.02679
1007.800  0.02460
1008.100  0.03685
1008.400  0.06173
1008.700  0.07503
1009.000  0.07304
1009.300  0.05727
1009.600  0.03187
1009.900  0.02194
1010.200  0.02816
1010.500  0.02492
1010.800  0.01070
1011.100  0.00847
1011.400  0.02125
1011.700  0.03799
1012.000  0.05382
1012.300  0.04819
1012.600  0.02058
1012.900  0.00268
1013.200  0.00145
1013.500  0.01633
1013.800  0.04482
1014.100  0.06530
1014.400  0.07322
1014.700  0.07469
1015.000  0.07058
1015.300  0.05406
1015.600  0.02604
1015.900  0.01566
1016.200  0.02796
1016.500  0.02975
1016.800  0.01337
1017.100  0.00038
1017.400 -0.00338
1017.700 -0.00463
1018.000 -0.00520
1018.300 -0.00213
1018.600  0.00494
1018.900  0.00761
1019.200  0.00387
1019.500  0.00610
1019.800  0.01790
1020.100  0.02757
1020.400  0.03110
1020.700  0.03189
1021.000  0.03106
1021.300  0.02591
1021.600  0.01612
1021.900  0.01745
1022.200  0.03531
1022.500  0.04706
1022.800  0.04347
1023.100  0.03129
1023.400  0.01393
1023.700  0.00429
1024.000  0.00790
1024.300  0.01557
1024.600  0.02293
1024.900  0.02836
1025.200  0.03121
1025.500  0.03678
1025.800  0.04743
1026.100  0.04924
1026.400  0.03512
1026.700  0.02046
1027.000  0.01379
1027.300  0.01560
1027.600  0.02613
1027.900  0.04236
1028.200  0.06230
1028.500  0.07210
1028.800  0.06319
1029.100  0.03748
1029.400 -0.00356
1029.700 -0.03477
1030.000 -0.03924
1030.300 -0.02176
1030.600  0.01413
1030.900  0.04470
1031.200  0.05261
1031.500  0.04676
1031.800  0.03402
1032.100  0.02913
1032.400  0.04381
1032.700  0.06872
1033.000  0.09611
1033.300  0.11581
1033.600  0.11898
1033.900  0.11746
1034.200  0.12198
1034.500  0.12438
1034.800  0.11691
1035.100  0.11056
1035.400  0.11624
1035.700  0.12244
1036.000  0.11721
1036.300  0.11286
1036.600  0.12278
1036.900  0.12511
1037.200  0.09497
1037.500  0.05924
1037.800  0.04980
1038.100  0.06032
1038.400  0.08292
1038.700  0.10210
1039.000  0.09785
1039.300  0.07992
1039.600  0.06152
1039.900  0.04609
1040.200  0.03835
1040.500  0.03444
1040.800  0.02870
1041.100  0.02095
1041.400  0.01100
1041.700  0.00099
1042.000 -0.00570
1042.300 -0.00792
1042.600 -0.00381
1042.900  0.00394
1043.200  0.01070
1043.500  0.01467
1043.800  0.01280
1044.100  0.00920
1044.400  0.01167
1044.700  0.01540
1045.000  0.01070
1045.300  0.00103
1045.600 -0.00621
1045.900 -0.01019
1046.200 -0.00966
1046.500 -0.00427
1046.800  0.00664
1047.100  0.02000
1047.400  0.02884
1047.700  0.03376
1048.000  0.03677
1048.300  0.03572
1048.600  0.02516
1048.900  0.01138
1049.200  0.01108
1049.500  0.02135
1049.800  0.03240
1050.100  0.03927
1050.400  0.02981
1050.700  0.01168
1051.000  0.00879
1051.300  0.01621
1051.600  0.01491
1051.900  0.00740
1052.200  0.00538
1052.500  0.01128
1052.800  0.03016
1053.100  0.05248
1053.400  0.04495
1053.700  0.01609
1054.000  0.00484
1054.300  0.00950
1054.600  0.01180
1054.900  0.01235
1055.200  0.01970
1055.500  0.03259
1055.800  0.04281
1056.100  0.04754
1056.400  0.03869
1056.700  0.02045
1057.000  0.01436
1057.300  0.01997
1057.600  0.02427
1057.900  0.02501
1058.200  0.01908
1058.500  0.00951
1058.800  0.01301
1059.100  0.02733
1059.400  0.02987
1059.700  0.02221
1060.000  0.02927
1060.300  0.04856
1060.600  0.04625
1060.900  0.02159
1061.200  0.00024
1061.500 -0.01221
1061.800 -0.00699
1062.100  0.01421
1062.400  0.03131
1062.700  0.03939
1063.000  0.02912
1063.300  0.00296
1063.600 -0.00987
1063.900 -0.00654
1064.200 -0.00742
1064.500 -0.01412
1064.800 -0.00729
1065.100  0.01369
1065.400  0.02122
1065.700  0.01176
1066.000  0.00652
1066.300  0.00949
1066.600  0.01305
1066.900  0.01573
1067.200  0.02096
1067.500  0.02771
1067.800  0.01706
1068.100 -0.01194
1068.400 -0.01758
1068.700  0.00765
1069.000  0.02180
1069.300  0.01484
1069.600  0.00716
1069.900  0.00466
1070.200  0.00678
1070.500  0.01321
1070.800  0.02192
1071.100  0.03189
1071.400  0.03753
1071.700  0.03749
1072.000  0.03935
1072.300  0.04531
1072.600  0.04856
1072.900  0.04670
1073.200  0.03981
1073.500  0.02848
1073.800  0.02408
1074.100  0.03058
1074.400  0.03991
1074.700  0.04863
1075.000  0.05177
1075.300  0.04728
1075.600  0.03512
1075.900  0.01574
1076.200  0.00232
1076.500  0.00017
1076.800 -0.00889
1077.100 -0.03258
1077.400 -0.04710
1077.700 -0.04139
1078.000 -0.03278
1078.300 -0.02967
1078.600 -0.01818
1078.900  0.00847
1079.200  0.02743
1079.500  0.02647
1079.800  0.01852
1080.100  0.01097
1080.400  0.00600
1080.700  0.00483
1081.000  0.00240
1081.300 -0.00431
1081.600 -0.00653
1081.900  0.00121
1082.200  0.00751
1082.500  0.00486
1082.800  0.00603
1083.100  0.01980
1083.400  0.03097
1083.700  0.02863
1084.000  0.02417
1084.300  0.02620
1084.600  0.04047
1084.900  0.07142
1085.200  0.08789
1085.500  0.06437
1085.800  0.03327
1086.100  0.02234
1086.400  0.01706
1086.700  0.00442
1087.000  0.00122
1087.300  0.02320
1087.600  0.04838
1087.900  0.05527
1088.200  0.05375
1088.500  0.05393
1088.800  0.05330
1089.100  0.04916
1089.400  0.03965
1089.700  0.02267
1090.000  0.01285
1090.300  0.02731
1090.600  0.04448
1090.900  0.03796
1091.200  0.02093
1091.500  0.01029
1091.800  0.00562
1092.100  0.00631
1092.400  0.01004
1092.700  0.01358
1093.000  0.01561
1093.300  0.01424
1093.600  0.01053
1093.900  0.00614
1094.200  0.00406
1094.500  0.00897
1094.800  0.01605
1095.100  0.01729
1095.400  0.01182
1095.700 -0.00169
1096.000 -0.01174
1096.300  0.00204
1096.600  0.02536
1096.900  0.03119
1097.200  0.02891
1097.500  0.03758
1097.800  0.04814
1098.100  0.04164
1098.400  0.02651
1098.700  0.02122
1099.000  0.02019
1099.300  0.01019
1099.600 -0.00039
1099.900  0.00814
1100.200  0.02083
1100.500  0.00115
1100.800 -0.03014
1101.100 -0.01934
1101.400  0.01811
1101.700  0.03734
1102.000  0.04000
1102.300  0.03597
1102.600  0.02942
1102.900  0.03029
1103.200  0.03573
1103.500  0.03607
1103.800  0.03046
1104.100  0.01816
1104.400  0.00409
1104.700  0.00339
1105.000  0.01135
1105.300  0.00970
1105.600  0.00104
1105.900 -0.00152
1106.200  0.00118
1106.500  0.00263
1106.800  0.00269
1107.100  0.00278
1107.400  0.00359
1107.700  0.00722
1108.000  0.01291
1108.300  0.01702
1108.600  0.02104
1108.900  0.03244
1109.200  0.04651
1109.500  0.04006
1109.800  0.01784
1110.100  0.01223
1110.400  0.02396
1110.700  0.03888
1111.000  0.05415
1111.300  0.06462
1111.600  0.06929
1111.900  0.06662
1112.200  0.05908
1112.500  0.06071
1112.800  0.07072
1113.100  0.07389
1113.400  0.06885
1113.700  0.06108
1114.000  0.05171
1114.300  0.04239
1114.600  0.03534
1114.900  0.04272
1115.200  0.06240
1115.500  0.06649
1115.800  0.05368
1116.100  0.04960
1116.400  0.05645
1116.700  0.05505
1117.000  0.04349
1117.300  0.03610
1117.600  0.03633
1117.900  0.04821
1118.200  0.06883
1118.500  0.06655
1118.800  0.03768
1119.100  0.01241
1119.400 -0.00153
1119.700  0.00150
1120.000  0.02024
1120.300  0.02857
1120.600  0.02152
1120.900  0.01680
1121.200  0.01714
1121.500  0.00074
1121.800 -0.03527
1122.100 -0.05374
1122.400 -0.04495
1122.700 -0.02111
1123.000  0.01296
1123.300  0.04159
1123.600  0.05931
1123.900  0.05794
1124.200  0.03646
1124.500  0.02001
1124.800  0.01577
1125.100  0.00329
1125.400 -0.02276
1125.700 -0.02973
1126.000 -0.00743
1126.300  0.01172
1126.600  0.01584
1126.900  0.01353
1127.200  0.00853
1127.500  0.00847
1127.800  0.01596
1128.100  0.01855
1128.400  0.01134
1128.700  0.00518
1129.000  0.00452
1129.300 -0.00110
1129.600 -0.01592
1129.900 -0.02182
1130.200 -0.01044
1130.500  0.00805
1130.800  0.02806
1131.100  0.02967
1131.400  0.00334
1131.700 -0.01621
1132.000 -0.01065
1132.300  0.00111
1132.600  0.00852
1132.900  0.01603
1133.200  0.02611
1133.500  0.03158
1133.800  0.02811
1134.100  0.01900
1134.400  0.00639
1134.700 -0.00482
1135.000 -0.01138
1135.300 -0.00957
1135.600  0.00301
1135.900  0.00899
1136.200 -0.00394
1136.500 -0.01452
1136.800 -0.00697
1137.100  0.00478
1137.400  0.00987
1137.700  0.00671
1138.000 -0.00597
1138.300 -0.01093
1138.600  0.00637
1138.900  0.02481
1139.200  0.02569
1139.500  0.01591
1139.800  0.00180
1140.100 -0.00510
1140.400  0.00633
1140.700  0.02319
1141.000  0.03244
1141.300  0.02835
1141.600  0.00487
1141.900 -0.02407
1142.200 -0.04307
1142.500 -0.04464
1142.800 -0.02017
1143.100  0.00611
1143.400  0.00490
1143.700 -0.00658
1144.000 -0.00656
1144.300 -0.00011
1144.600  0.00603
1144.900  0.01436
1145.200  0.02836
1145.500  0.04476
1145.800  0.05882
1146.100  0.06359
1146.400  0.04875
1146.700  0.03076
1147.000  0.03524
1147.300  0.04918
1147.600  0.05112
1147.900  0.04296
1148.200  0.02838
1148.500  0.01129
1148.800 -0.00163
1149.100 -0.00703
1149.400  0.00095
1149.700  0.01412
1150.000  0.01680
1150.300  0.01500
1150.600  0.02127
1150.900  0.03276
1151.200  0.04295
1151.500  0.04934
1151.800  0.04697
1152.100  0.03770
1152.400  0.02592
1152.700  0.01442
1153.000  0.00921
1153.300  0.00518
1153.600 -0.01043
1153.900 -0.02946
1154.200 -0.03023
1154.500 -0.01774
1154.800 -0.00754
1155.100 -0.00104
1155.400  0.00008
1155.700 -0.00198
1156.000 -0.00091
1156.300  0.00381
1156.600  0.01261
1156.900  0.02300
1157.200  0.02743
1157.500  0.02279
1157.800  0.00091
1158.100 -0.02829
1158.400 -0.03045
1158.700 -0.01161
1159.000 -0.00132
1159.300 -0.00056
1159.600 -0.00408
1159.900 -0.00881
1160.200 -0.00513
1160.500  0.00447
1160.800  0.00700
1161.100  0.00519
1161.400  0.01516
1161.700  0.03379
1162.000  0.04108
1162.300  0.03668
1162.600  0.02851
1162.900  0.01802
1163.200  0.00765
1163.500 -0.00250
1163.800 -0.01343
1164.100 -0.02377
1164.400 -0.02629
1164.700 -0.02068
1165.000 -0.01054
1165.300  0.00368
1165.600  0.02233
1165.900  0.04282
1166.200  0.05034
1166.500  0.04448
1166.800  0.03649
1167.100  0.02848
1167.400  0.02219
1167.700  0.01615
1168.000 -0.00096
1168.300 -0.02818
1168.600 -0.04510
1168.900 -0.04788
1169.200 -0.03617
1169.500 -0.01338
1169.800 -0.00531
1170.100 -0.01616
1170.400 -0.03751
1170.700 -0.06362
1171.000 -0.06192
1171.300 -0.02952
1171.600 -0.00413
1171.900  0.00693
1172.200  0.01671
1172.500  0.02811
1172.800  0.03860
1173.100  0.04647
1173.400  0.04046
1173.700  0.01997
1174.000  0.01046
1174.300  0.01778
1174.600  0.02913
1174.900  0.04040
1175.200  0.04566
1175.500  0.04268
1175.800  0.02545
1176.100 -0.00558
1176.400 -0.01805
1176.700 -0.00357
1177.000  0.00841
1177.300  0.00866
1177.600  0.00698
1177.900  0.00710
1178.200  0.01494
1178.500  0.03215
1178.800  0.04951
1179.100  0.06322
1179.400  0.06630
1179.700  0.05692
1180.000  0.05432
1180.300  0.06512
1180.600  0.06175
1180.900  0.03352
1181.200  0.00382
1181.500 -0.01676
1181.800 -0.01903
1182.100  0.00045
1182.400  0.01936
1182.700  0.02735
1183.000  0.03186
1183.300  0.03627
1183.600  0.02928
1183.900  0.00557
1184.200 -0.01465
1184.500 -0.02070
1184.800 -0.01646
1185.100 -0.00427
1185.400  0.00627
1185.700  0.00972
1186.000  0.01285
1186.300  0.01957
1186.600  0.02023
1186.900  0.00899
1187.200  0.00532
1187.500  0.02168
1187.800  0.03669
1188.100  0.03601
1188.400  0.03176
1188.700  0.03249
1189.000  0.03067
1189.300  0.02086
1189.600  0.02071
1189.900  0.04368
1190.200  0.06531
1190.500  0.06609
1190.800  0.05358
1191.100  0.03413
1191.400  0.01961
1191.700  0.02037
1192.000  0.02782
1192.300  0.03414
1192.600  0.03449
1192.900  0.02428
1193.200  0.01191
1193.500  0.00571
1193.800  0.00270
1194.100 -0.00028
1194.400  0.00405
1194.700  0.02364
1195.000  0.04491
1195.300  0.05242
1195.600  0.04710
1195.900  0.03010
1196.200  0.01385
1196.500  0.01381
1196.800  0.02112
1197.100  0.02425
1197.400  0.02808
1197.700  0.03932
1198.000  0.04479
1198.300  0.02588
1198.600 -0.00168
1198.900 -0.01462
1199.200 -0.01485
1199.500 -0.00560
1199.800  0.00577
1200.100  0.00759
1200.400  0.00937
1200.700  0.02713
1201.000  0.04599
1201.300  0.03983
1201.600  0.01967
1201.900  0.00608
1202.200 -0.00142
1202.500 -0.00451
1202.800 -0.00399
1203.100 -0.00132
1203.400  0.00431
1203.700  0.01462
1204.000  0.02864
1204.300  0.04419
1204.600  0.05620
1204.900  0.05372
1205.200  0.04301
1205.500  0.03916
1205.800  0.03530
1206.100  0.01389
1206.400 -0.01216
1206.700 -0.00928
1207.000  0.01267
1207.300  0.02455
1207.600  0.02905
1207.900  0.03721
1208.200  0.04549
1208.500  0.04250
1208.800  0.03092
1209.100  0.02026
1209.400  0.01427
1209.700  0.02234
1210.000  0.03819
1210.300  0.04036
1210.600  0.03139
1210.900  0.02440
1211.200  0.02311
1211.500  0.03671
1211.800  0.06142
1212.100  0.08153
1212.400  0.09174
1212.700  0.07771
1213.000  0.04419
1213.300  0.01412
1213.600 -0.00738
1213.900 -0.00895
1214.200  0.00798
1214.500  0.03269
1214.800  0.05705
1215.100  0.05110
1215.400  0.02051
1215.700  0.00589
1216.000  0.00889
1216.300  0.01440
1216.600  0.02019
1216.900  0.02466
1217.200  0.02712
1217.500  0.02532
1217.800  0.01991
1218.100  0.01616
1218.400  0.01505
1218.700  0.01781
1219.000  0.02388
1219.300  0.02891
1219.600  0.03159
1219.900  0.02819
1220.200  0.02003
1220.500  0.01948
1220.800  0.02442
1221.100  0.00604
1221.400 -0.03435
1221.700 -0.05052
1222.000 -0.03711
1222.300 -0.02050
1222.600 -0.00631
1222.900  0.00321
1223.200  0.00818
1223.500  0.01350
1223.800  0.01986
1224.100  0.02389
1224.400  0.02468
1224.700  0.02104
1225.000  0.01357
1225.300  0.01079
1225.600  0.01418
1225.900  0.01703
1226.200  0.01799
1226.500  0.02124
1226.800  0.02700
1227.100  0.02529
1227.400  0.01440
1227.700  0.00773
1228.000  0.00903
1228.300  0.01625
1228.600  0.02823
1228.900  0.03770
1229.200  0.04216
1229.500  0.03892
1229.800  0.02732
1230.100  0.01120
1230.400 -0.00740
1230.700 -0.01615
1231.000 -0.01106
1231.300  0.00086
1231.600  0.01647
1231.900  0.02530
1232.200  0.02384
1232.500  0.02303
1232.800  0.02694
1233.100  0.02809
1233.400  0.02363
1233.700  0.01997
1234.000  0.01957
1234.300  0.01315
1234.600 -0.00259
1234.900 -0.00203
1235.200  0.02606
1235.500  0.05599
1235.800  0.07515
1236.100  0.07872
1236.400  0.06458
1236.700  0.04617
1237.000  0.03076
1237.300  0.02722
1237.600  0.03993
1237.900  0.04292
1238.200  0.02186
1238.500  0.00528
1238.800  0.00991
1239.100  0.02064
1239.400  0.02820
1239.700  0.03408
1240.000  0.03923
1240.300  0.04278
1240.600  0.04415
1240.900  0.04364
1241.200  0.04146
1241.500  0.03956
1241.800  0.03931
1242.100  0.03769
1242.400  0.03241
1242.700  0.03483
1243.000  0.05383
1243.300  0.06084
1243.600  0.03237
1243.900  0.00541
1244.200  0.01180
1244.500  0.03491
1244.800  0.05982
1245.100  0.07048
1245.400  0.05183
1245.700  0.02999
1246.000  0.03065
1246.300  0.03711
1246.600  0.03218
1246.900  0.01903
1247.200  0.00110
1247.500 -0.00613
1247.800  0.01477
1248.100  0.03581
1248.400  0.02405
1248.700  0.00026
1249.000 -0.01001
1249.300 -0.00959
1249.600 -0.00221
1249.900  0.00875
1250.200  0.01880
1250.500  0.02868
1250.800  0.03950
1251.100  0.04629
1251.400  0.04184
1251.700  0.02784
1252.000  0.00688
1252.300 -0.01196
1252.600 -0.01446
1252.900 -0.00364
1253.200  0.01525
1253.500  0.03705
1253.800  0.05308
1254.100  0.05660
1254.400  0.03593
1254.700  0.01227
1255.000  0.02517
1255.300  0.05423
1255.600  0.05862
1255.900  0.04809
1256.200  0.04420
1256.500  0.04321
1256.800  0.03614
1257.100  0.02517
1257.400  0.01562
1257.700  0.01016
1258.000  0.01445
1258.300  0.02674
1258.600  0.04244
1258.900  0.05721
1259.200  0.06094
1259.500  0.05661
1259.800  0.05291
1260.100  0.04788
1260.400  0.03526
1260.700  0.02373
1261.000  0.03784
1261.300  0.06444
1261.600  0.06225
1261.900  0.03818
1262.200  0.02003
1262.500  0.01160
1262.800  0.01899
1263.100  0.03670
1263.400  0.04592
1263.700  0.04518
1264.000  0.03435
1264.300  0.01862
1264.600  0.01596
1264.900  0.02298
1265.200  0.02206
1265.500  0.01337
1265.800  0.00347
1266.100 -0.00307
1266.400  0.00918
1266.700  0.03694
1267.000  0.06062
1267.300  0.07515
1267.600  0.06779
1267.900  0.04186
1268.200  0.01831
1268.500  0.00081
1268.800 -0.00507
1269.100 -0.00150
1269.400 -0.00226
1269.700 -0.00680
1270.000 -0.00328
1270.300  0.00735
1270.600  0.01159
1270.900  0.01039
1271.200  0.01973
1271.500  0.03629
1271.800  0.02726
1272.100 -0.00379
1272.400 -0.00417
1272.700  0.02739
1273.000  0.04390
1273.300  0.04108
1273.600  0.04471
1273.900  0.05817
1274.200  0.07223
1274.500  0.08271
1274.800  0.07193
1275.100  0.04039
1275.400  0.01859
1275.700  0.01048
1276.000 -0.00321
1276.300 -0.02423
1276.600 -0.03201
1276.900 -0.02256
1277.200 -0.00179
1277.500  0.02648
1277.800  0.03947
1278.100  0.03420
1278.400  0.03676
1278.700  0.05181
1279.000  0.05820
1279.300  0.05157
1279.600  0.04646
1279.900  0.04628
1280.200  0.04354
1280.500  0.03657
1280.800  0.03111
1281.100  0.02866
1281.400  0.02619
1281.700  0.02319
1282.000  0.02598
1282.300  0.03591
1282.600  0.04241
1282.900  0.04233
1283.200  0.04268
1283.500  0.04533
1283.800  0.04018
1284.100  0.02462
1284.400  0.01970
1284.700  0.03240
1285.000  0.04153
1285.300  0.03907
1285.600  0.03330
1285.900  0.02796
1286.200  0.03092
1286.500  0.04495
1286.800  0.05361
1287.100  0.04986
1287.400  0.04156
1287.700  0.03271
1288.000  0.03591
1288.300  0.05650
1288.600  0.06977
1288.900  0.06345
1289.200  0.04083
1289.500  0.00430
1289.800 -0.01625
1290.100 -0.00502
1290.400  0.01984
1290.700  0.04770
1291.000  0.05600
1291.300  0.03200
1291.600  0.01020
1291.900  0.01146
1292.200  0.02364
1292.500  0.03898
1292.800  0.05360
1293.100  0.06489
1293.400  0.06625
1293.700  0.05324
1294.000  0.03996
1294.300  0.03647
1294.600  0.03037
1294.900  0.01247
1295.200 -0.00184
1295.500 -0.00058
1295.800  0.00608
1296.100  0.00988
1296.400  0.01026
1296.700  0.00672
1297.000  0.00213
1297.300 -0.00095
1297.600  0.00109
1297.900  0.01162
1298.200  0.01854
1298.500  0.01010
1298.800 -0.00040
1299.100  0.00049
1299.400  0.00386
1299.700  0.00025
1300.000  0.00016
1300.300  0.01529
1300.600  0.03257
1300.900  0.03685
1301.200  0.03085
1301.500  0.01789
1301.800  0.00676
1302.100  0.00852
1302.400  0.00867
1302.700 -0.01199
1303.000 -0.03075
1303.300 -0.01627
1303.600  0.01215
1303.900  0.02659
1304.200  0.02858
1304.500  0.02079
1304.800  0.00829
1305.100 -0.00103
1305.400 -0.00545
1305.700 -0.00229
1306.000  0.00505
1306.300  0.01075
1306.600  0.01642
1306.900  0.02505
1307.200  0.03674
1307.500  0.05159
1307.800  0.06173
1308.100  0.05222
1308.400  0.03266
1308.700  0.02274
1309.000  0.02022
1309.300  0.01944
1309.600  0.01670
1309.900  0.00446
1310.200 -0.00855
1310.500 -0.00240
1310.800  0.01595
1311.100  0.02880
1311.400  0.03388
1311.700  0.02744
1312.000  0.01353
1312.300  0.00268
1312.600 -0.00355
1312.900 -0.00236
1313.200  0.00204
1313.500 -0.00209
1313.800 -0.00589
1314.100  0.01736
1314.400  0.05294
1314.700  0.05336
1315.000  0.03045
1315.300  0.02931
1315.600  0.04428
1315.900  0.04784
1316.200  0.03800
1316.500  0.01487
1316.800 -0.01298
1317.100 -0.01635
1317.400 -0.00020
1317.700  0.00921
1318.000  0.01292
1318.300  0.02336
1318.600  0.03613
1318.900  0.02992
1319.200  0.01089
1319.500  0.01238
1319.800  0.03065
1320.100  0.03555
1320.400  0.02699
1320.700  0.01901
1321.000  0.01543
1321.300  0.02616
1321.600  0.04638
1321.900  0.04742
1322.200  0.03114
1322.500  0.02504
1322.800  0.02955
1323.100  0.02753
1323.400  0.01759
1323.700  0.00542
1324.000 -0.00483
1324.300  0.00550
1324.600  0.03402
1324.900  0.04932
1325.200  0.04775
1325.500  0.03874
1325.800  0.02609
1326.100  0.02396
1326.400  0.03259
1326.700  0.03628
1327.000  0.03273
1327.300  0.02673
1327.600  0.02044
1327.900  0.02311
1328.200  0.03410
1328.500  0.03341
1328.800  0.01939
1329.100  0.01392
1329.400  0.01940
1329.700  0.01402
1330.000 -0.00404
1330.300 -0.00487
1330.600  0.01429
1330.900  0.00929
1331.200 -0.02530
1331.500 -0.03060
1331.800  0.00417
1332.100  0.02744
1332.400  0.02649
1332.700  0.01777
1333.000  0.00691
1333.300  0.00502
1333.600  0.01469
1333.900  0.02651
1334.200  0.03758
1334.500  0.04844
1334.800  0.05847
1335.100  0.05609
1335.400  0.03879
1335.700  0.02817
1336.000  0.03068
1336.300  0.02763
1336.600  0.01280
1336.900 -0.00379
1337.200 -0.01809
1337.500 -0.02435
1337.800 -0.02079
1338.100 -0.01751
1338.400 -0.01846
1338.700 -0.01979
1339.000 -0.01963
1339.300 -0.01095
1339.600  0.00878
1339.900  0.02407
1340.200  0.02777
1340.500  0.01749
1340.800 -0.00710
1341.100 -0.01810
1341.400 -0.00250
1341.700  0.00918
1342.000  0.00155
1342.300 -0.01210
1342.600 -0.02446
1342.900 -0.02435
1343.200 -0.00589
1343.500  0.01264
1343.800  0.02072
1344.100  0.02187
1344.400  0.01825
1344.700  0.01280
1345.000  0.00739
1345.300  0.00676
1345.600  0.01390
1345.900  0.01855
1346.200  0.01376
1346.500  0.00089
1346.800 -0.01899
1347.100 -0.02939
1347.400 -0.01823
1347.700 -0.00610
1348.000 -0.00876
1348.300 -0.01038
1348.600  0.00177
1348.900  0.01463
1349.200  0.01728
1349.500  0.02441
1349.800  0.04883
1350.100  0.05838
1350.400  0.02367
1350.700 -0.01670
1351.000 -0.02577
1351.300 -0.01927
1351.600 -0.01295
1351.900 -0.00904
1352.200 -0.00984
1352.500 -0.00746
1352.800  0.00676
1353.100  0.02219
1353.400  0.02666
1353.700  0.02704
1354.000  0.03156
1354.300  0.03913
1354.600  0.04833
1354.900  0.04645
1355.200  0.01693
1355.500 -0.02025
1355.800 -0.03783
1356.100 -0.03925
1356.400 -0.02955
1356.700 -0.01452
1357.000 -0.00259
1357.300  0.00850
1357.600  0.02235
1357.900  0.03113
1358.200  0.02219
1358.500  0.00687
1358.800  0.00428
1359.100  0.00995
1359.400  0.01570
1359.700  0.02065
1360.000  0.02350
1360.300  0.02021
1360.600  0.00321
1360.900 -0.01765
1361.200 -0.02280
1361.500 -0.01511
1361.800 -0.00138
1362.100  0.00983
1362.400  0.00093
1362.700 -0.02092
1363.000 -0.03880
1363.300 -0.05122
1363.600 -0.05622
1363.900 -0.05138
1364.200 -0.03117
1364.500 -0.00472
1364.800  0.00483
1365.100  0.00116
1365.400 -0.00358
1365.700 -0.00730
1366.000 -0.00608
1366.300 -0.00035
1366.600  0.00811
1366.900  0.01688
1367.200  0.01921
1367.500  0.01463
1367.800  0.00298
1368.100 -0.01648
1368.400 -0.04607
1368.700 -0.07494
1369.000 -0.06736
1369.300 -0.03386
1369.600 -0.01919
1369.900 -0.01971
1370.200 -0.00987
1370.500  0.00616
1370.800  0.00506
1371.100 -0.00975
1371.400 -0.01708
1371.700 -0.01814
1372.000 -0.02587
1372.300 -0.03573
1372.600 -0.02347
1372.900  0.00706
1373.200  0.02797
1373.500  0.03615
1373.800  0.03199
1374.100  0.01968
1374.400  0.01856
1374.700  0.02612
1375.000  0.01793
1375.300 -0.00390
1375.600 -0.01183
1375.900 -0.00499
1376.200  0.00077
1376.500  0.00198
1376.800 -0.00758
1377.100 -0.02472
1377.400 -0.02513
1377.700 -0.00891
1378.000 -0.00063
1378.300 -0.00185
1378.600  0.00419
1378.900  0.01798
1379.200  0.02280
1379.500  0.01715
1379.800  0.01243
1380.100  0.01032
1380.400  0.00712
1380.700  0.00211
1381.000 -0.00420
1381.300 -0.01024
1381.600 -0.00382
1381.900  0.01479
1382.200  0.02039
1382.500  0.00820
1382.800 -0.01245
1383.100 -0.03706
1383.400 -0.04381
1383.700 -0.02955
1384.000 -0.01747
1384.300 -0.01264
1384.600 -0.00482
1384.900  0.00805
1385.200  0.01770
1385.500  0.02151
1385.800  0.01561
1386.100  0.00072
1386.400  0.00031
1386.700  0.01939
1387.000  0.02830
1387.300  0.01842
1387.600  0.00189
1387.900 -0.01650
1388.200 -0.02502
1388.500 -0.02030
1388.800 -0.01411
1389.100 -0.01097
1389.400 -0.01726
1389.700 -0.03410
1390.000 -0.03754
1390.300 -0.01985
1390.600 -0.01331
1390.900 -0.02949
1391.200 -0.03628
1391.500 -0.02121
1391.800 -0.00872
1392.100 -0.00903
1392.400 -0.01100
1392.700 -0.00976
1393.000 -0.01048
1393.300 -0.01527
1393.600 -0.01412
1393.900 -0.00237
1394.200  0.01052
1394.500  0.01969
1394.800  0.02152
1395.100  0.01414
1395.400 -0.00196
1395.700 -0.02617
1396.000 -0.04046
1396.300 -0.03474
1396.600 -0.02168
1396.900 -0.00891
1397.200 -0.00148
1397.500 -0.00245
1397.800 -0.00242
1398.100  0.00454
1398.400  0.00798
1398.700  0.00091
1399.000 -0.00970
1399.300 -0.01899
1399.600 -0.02342
1399.900 -0.02041
1400.200 -0.01195
1400.500  0.00044
1400.800  0.00888
1401.100  0.00716
1401.400  0.00169
1401.700 -0.00224
1402.000 -0.00512
1402.300 -0.00738
1402.600 -0.00607
1402.900  0.00146
1403.200  0.00941
1403.500  0.01227
1403.800  0.01363
1404.100  0.01703
1404.400  0.01478
1404.700 -0.00107
1405.000 -0.01555
1405.300 -0.01247
1405.600 -0.00510
1405.900 -0.00841
1406.200 -0.01455
1406.500 -0.01422
1406.800 -0.00998
1407.100 -0.00500
1407.400 -0.00153
1407.700 -0.00242
1408.000 -0.00567
1408.300 -0.00856
1408.600 -0.00865
1408.900 -0.00256
1409.200  0.00476
1409.500  0.00603
1409.800  0.00287
1410.100 -0.00216
1410.400 -0.00681
1410.700 -0.00750
1411.000 -0.00599
1411.300 -0.00518
1411.600 -0.00473
1411.900 -0.00395
1412.200 -0.00178
1412.500  0.00367
1412.800  0.00890
1413.100  0.00731
1413.400  0.00142
1413.700 -0.00364
1414.000 -0.00882
1414.300 -0.01630
1414.600 -0.02192
1414.900 -0.01690
1415.200 -0.00591
1415.500  0.00035
1415.800  0.00224
1416.100  0.00144
1416.400 -0.00105
1416.700 -0.00303
1417.000 -0.00443
1417.300 -0.00530
1417.600 -0.00527
1417.900 -0.00338
1418.200 -0.00061
1418.500  0.00036
1418.800 -0.00003
1419.100 -0.00016
1419.400 -0.00006
1419.700  0.00001
1420.000  0.00003
1420.300  0.00002
1420.600 -0.00001
1420.900 -0.00001
1421.200 -0.00000
1421.500  0.00000
1421.800  0.00000
1422.100 -0.00000
1422.400 -0.00000
1422.700  0.00000
1423.000  0.00000
1423.300 -0.00000
1423.600 -0.00000
1423.900  0.00000
1424.200  0.00000
1424.500 -0.00000
1424.800 -0.00000
1425.100  0.00000
1425.400  0.00000
1425.700 -0.00000
1426.000 -0.00000
1426.300  0.00000
1426.600  0.00000
1426.900 -0.00000
1427.200 -0.00000
1427.500  0.00000
1427.800  0.00000
1428.100 -0.00000
1428.400 -0.00000
1428.700  0.00000
1429.000  0.00000
1429.300 -0.00000
1429.600 -0.00000
1429.900  0.00000
1430.200  0.00000
1430.500 -0.00000
1430.800 -0.00000
1431.100  0.00000
1431.400  0.00000
1431.700 -0.00000
1432.000 -0.00000
1432.300  0.00000
1432.600  0.00000
1432.900 -0.00000
1433.200 -0.00000
1433.500  0.00000
1433.800  0.00000
1434.100 -0.00000
1434.400 -0.00000
1434.700  0.00000
1435.000  0.00000
1435.300 -0.00000
1435.600 -0.00000
1435.900  0.00000
1436.200  0.00000
1436.500 -0.00000
1436.800 -0.00000
1437.100  0.00000
1437.400  0.00000
1437.700 -0.00000
1438.000 -0.00000
1438.300  0.00000
1438.600  0.00000
1438.900 -0.00000
1439.200 -0.00000
1439.500  0.00000
1439.800  0.00000
1440.100 -0.00000
1440.400 -0.00000
1440.700  0.00000
1441.000  0.00000
1441.300 -0.00000
1441.600 -0.00000
1441.900  0.00000
1442.200  0.00000
1442.500 -0.00000
1442.800 -0.00000
1443.100  0.00000
1443.400  0.00000
1443.700 -0.00000
1444.000 -0.00000
1444.300  0.00000
1444.600  0.00000
1444.900 -0.00000
1445.200 -0.00000
1445.500  0.00000
1445.800  0.00000
1446.100 -0.00000
1446.400 -0.00000
1446.700  0.00000
1447.000  0.00000
1447.300 -0.00000
1447.600 -0.00000
1447.900  0.00000
