 350.200  0.00015
 350.500  0.00019
 350.800  0.00024
 351.100  0.00029
 351.400  0.00033
 351.700  0.00037
 352.000  0.00039
 352.300  0.00041
 352.600  0.00040
 352.900  0.00038
 353.200  0.00035
 353.500  0.00032
 353.800  0.00030
 354.100  0.00030
 354.400  0.00033
 354.700  0.00042
 355.000  0.00056
 355.300  0.00079
 355.600  0.00110
 355.900  0.00150
 356.200  0.00198
 356.500  0.00250
 356.800  0.00305
 357.100  0.00355
 357.400  0.00395
 357.700  0.00419
 358.000  0.00422
 358.300  0.00401
 358.600  0.00361
 358.900  0.00311
 359.200  0.00259
 359.500  0.00215
 359.800  0.00185
 360.100  0.00168
 360.400  0.00163
 360.700  0.00166
 361.000  0.00171
 361.300  0.00175
 361.600  0.00178
 361.900  0.00179
 362.200  0.00177
 362.500  0.00174
 362.800  0.00170
 363.100  0.00165
 363.400  0.00160
 363.700  0.00155
 364.000  0.00150
 364.300  0.00145
 364.600  0.00138
 364.900  0.00129
 365.200  0.00116
 365.500  0.00102
 365.800  0.00090
 366.100  0.00082
 366.400  0.00082
 366.700  0.00090
 367.000  0.00107
 367.300  0.00128
 367.600  0.00150
 367.900  0.00169
 368.200  0.00184
 368.500  0.00195
 368.800  0.00211
 369.100  0.00242
 369.400  0.00305
 369.700  0.00418
 370.000  0.00604
 370.300  0.00883
 370.600  0.01267
 370.900  0.01749
 371.200  0.02300
 371.500  0.02871
 371.800  0.03411
 372.100  0.03888
 372.400  0.04309
 372.700  0.04699
 373.000  0.05079
 373.300  0.05440
 373.600  0.05735
 373.900  0.05901
 374.200  0.05879
 374.500  0.05643
 374.800  0.05204
 375.100  0.04612
 375.400  0.03940
 375.700  0.03262
 376.000  0.02634
 376.300  0.02087
 376.600  0.01629
 376.900  0.01258
 377.200  0.00970
 377.500  0.00763
 377.800  0.00632
 378.100  0.00573
 378.400  0.00572
 378.700  0.00615
 379.000  0.00686
 379.300  0.00778
 379.600  0.00903
 379.900  0.01096
 380.200  0.01416
 380.500  0.01931
 380.800  0.02702
 381.100  0.03749
 381.400  0.05032
 381.700  0.06448
 382.000  0.07848
 382.300  0.09071
 382.600  0.09980
 382.900  0.10486
 383.200  0.10566
 383.500  0.10274
 383.800  0.09754
 384.100  0.09223
 384.400  0.08924
 384.700  0.09032
 385.000  0.09562
 385.300  0.10332
 385.600  0.11018
 385.900  0.11295
 386.200  0.10998
 386.500  0.10194
 386.800  0.09149
 387.100  0.08188
 387.400  0.07549
 387.700  0.07298
 388.000  0.07333
 388.300  0.07458
 388.600  0.07481
 388.900  0.07283
 389.200  0.06844
 389.500  0.06222
 389.800  0.05514
 390.100  0.04832
 390.400  0.04285
 390.700  0.03976
 391.000  0.03988
 391.300  0.04358
 391.600  0.05052
 391.900  0.05949
 392.200  0.06858
 392.500  0.07557
 392.800  0.07856
 393.100  0.07650
 393.400  0.06960
 393.700  0.05921
 394.000  0.04734
 394.300  0.03607
 394.600  0.02699
 394.900  0.02094
 395.200  0.01802
 395.500  0.01779
 395.800  0.01946
 396.100  0.02208
 396.400  0.02463
 396.700  0.02628
 397.000  0.02650
 397.300  0.02522
 397.600  0.02284
 397.900  0.01997
 398.200  0.01725
 398.500  0.01514
 398.800  0.01384
 399.100  0.01330
 399.400  0.01335
 399.700  0.01374
 400.000  0.01425
 400.300  0.01467
 400.600  0.01487
 400.900  0.01482
 401.200  0.01455
 401.500  0.01419
 401.800  0.01394
 402.100  0.01407
 402.400  0.01493
 402.700  0.01692
 403.000  0.02037
 403.300  0.02536
 403.600  0.03156
 403.900  0.03814
 404.200  0.04399
 404.500  0.04813
 404.800  0.05013
 405.100  0.05027
 405.400  0.04938
 405.700  0.04832
 406.000  0.04753
 406.300  0.04686
 406.600  0.04580
 406.900  0.04383
 407.200  0.04071
 407.500  0.03664
 407.800  0.03214
 408.100  0.02783
 408.400  0.02420
 408.700  0.02152
 409.000  0.01979
 409.300  0.01886
 409.600  0.01847
 409.900  0.01842
 410.200  0.01853
 410.500  0.01873
 410.800  0.01900
 411.100  0.01937
 411.400  0.01988
 411.700  0.02061
 412.000  0.02158
 412.300  0.02282
 412.600  0.02428
 412.900  0.02585
 413.200  0.02741
 413.500  0.02877
 413.800  0.02977
 414.100  0.03024
 414.400  0.03010
 414.700  0.02940
 415.000  0.02827
 415.300  0.02695
 415.600  0.02571
 415.900  0.02473
 416.200  0.02412
 416.500  0.02388
 416.800  0.02395
 417.100  0.02426
 417.400  0.02472
 417.700  0.02531
 418.000  0.02604
 418.300  0.02694
 418.600  0.02805
 418.900  0.02938
 419.200  0.03091
 419.500  0.03258
 419.800  0.03438
 420.100  0.03654
 420.400  0.03963
 420.700  0.04461
 421.000  0.05251
 421.300  0.06398
 421.600  0.07856
 421.900  0.09436
 422.200  0.10826
 422.500  0.11694
 422.800  0.11828
 423.100  0.11240
 423.400  0.10173
 423.700  0.09008
 424.000  0.08104
 424.300  0.07677
 424.600  0.07739
 424.900  0.08139
 425.200  0.08662
 425.500  0.09142
 425.800  0.09524
 426.100  0.09851
 426.400  0.10188
 426.700  0.10539
 427.000  0.10827
 427.300  0.10935
 427.600  0.10783
 427.900  0.10379
 428.200  0.09816
 428.500  0.09214
 428.800  0.08674
 429.100  0.08258
 429.400  0.07986
 429.700  0.07860
 430.000  0.07852
 430.300  0.07916
 430.600  0.07996
 430.900  0.08048
 431.200  0.08068
 431.500  0.08073
 431.800  0.08074
 432.100  0.08041
 432.400  0.07911
 432.700  0.07616
 433.000  0.07136
 433.300  0.06515
 433.600  0.05845
 433.900  0.05225
 434.200  0.04726
 434.500  0.04375
 434.800  0.04160
 435.100  0.04058
 435.400  0.04055
 435.700  0.04172
 436.000  0.04470
 436.300  0.05041
 436.600  0.05985
 436.900  0.07354
 437.200  0.09091
 437.500  0.10996
 437.800  0.12738
 438.100  0.13953
 438.400  0.14389
 438.700  0.14018
 439.000  0.13055
 439.300  0.11859
 439.600  0.10767
 439.900  0.09964
 440.200  0.09449
 440.500  0.09091
 440.800  0.08731
 441.100  0.08270
 441.400  0.07696
 441.700  0.07067
 442.000  0.06461
 442.300  0.05934
 442.600  0.05512
 442.900  0.05186
 443.200  0.04939
 443.500  0.04752
 443.800  0.04617
 444.100  0.04531
 444.400  0.04493
 444.700  0.04500
 445.000  0.04543
 445.300  0.04606
 445.600  0.04672
 445.900  0.04721
 446.200  0.04744
 446.500  0.04740
 446.800  0.04717
 447.100  0.04690
 447.400  0.04671
 447.700  0.04666
 448.000  0.04673
 448.300  0.04684
 448.600  0.04690
 448.900  0.04687
 449.200  0.04671
 449.500  0.04647
 449.800  0.04617
 450.100  0.04588
 450.400  0.04565
 450.700  0.04554
 451.000  0.04558
 451.300  0.04579
 451.600  0.04616
 451.900  0.04665
 452.200  0.04719
 452.500  0.04769
 452.800  0.04805
 453.100  0.04823
 453.400  0.04822
 453.700  0.04809
 454.000  0.04791
 454.300  0.04775
 454.600  0.04768
 454.900  0.04776
 455.200  0.04800
 455.500  0.04843
 455.800  0.04905
 456.100  0.04981
 456.400  0.05061
 456.700  0.05132
 457.000  0.05179
 457.300  0.05195
 457.600  0.05181
 457.900  0.05148
 458.200  0.05109
 458.500  0.05078
 458.800  0.05062
 459.100  0.05062
 459.400  0.05075
 459.700  0.05095
 460.000  0.05115
 460.300  0.05133
 460.600  0.05145
 460.900  0.05154
 461.200  0.05160
 461.500  0.05165
 461.800  0.05171
 462.100  0.05178
 462.400  0.05187
 462.700  0.05200
 463.000  0.05220
 463.300  0.05247
 463.600  0.05283
 463.900  0.05326
 464.200  0.05369
 464.500  0.05407
 464.800  0.05433
 465.100  0.05443
 465.400  0.05437
 465.700  0.05420
 466.000  0.05398
 466.300  0.05378
 466.600  0.05363
 466.900  0.05357
 467.200  0.05357
 467.500  0.05364
 467.800  0.05375
 468.100  0.05391
 468.400  0.05410
 468.700  0.05434
 469.000  0.05463
 469.300  0.05495
 469.600  0.05527
 469.900  0.05555
 470.200  0.05576
 470.500  0.05588
 470.800  0.05590
 471.100  0.05587
 471.400  0.05581
 471.700  0.05579
 472.000  0.05580
 472.300  0.05587
 472.600  0.05598
 472.900  0.05611
 473.200  0.05625
 473.500  0.05638
 473.800  0.05648
 474.100  0.05657
 474.400  0.05664
 474.700  0.05671
 475.000  0.05678
 475.300  0.05687
 475.600  0.05698
 475.900  0.05710
 476.200  0.05722
 476.500  0.05736
 476.800  0.05749
 477.100  0.05762
 477.400  0.05773
 477.700  0.05783
 478.000  0.05792
 478.300  0.05800
 478.600  0.05808
 478.900  0.05817
 479.200  0.05826
 479.500  0.05835
 479.800  0.05844
 480.100  0.05853
 480.400  0.05863
 480.700  0.05872
 481.000  0.05881
 481.300  0.05890
 481.600  0.05899
 481.900  0.05908
 482.200  0.05917
 482.500  0.05926
 482.800  0.05936
 483.100  0.05946
 483.400  0.05956
 483.700  0.05966
 484.000  0.05978
 484.300  0.05992
 484.600  0.06009
 484.900  0.06029
 485.200  0.06054
 485.500  0.06085
 485.800  0.06120
 486.100  0.06160
 486.400  0.06200
 486.700  0.06238
 487.000  0.06272
 487.300  0.06300
 487.600  0.06326
 487.900  0.06352
 488.200  0.06379
 488.500  0.06406
 488.800  0.06427
 489.100  0.06435
 489.400  0.06428
 489.700  0.06411
 490.000  0.06393
 490.300  0.06388
 490.600  0.06405
 490.900  0.06447
 491.200  0.06506
 491.500  0.06567
 491.800  0.06613
 492.100  0.06631
 492.400  0.06616
 492.700  0.06576
 493.000  0.06526
 493.300  0.06484
 493.600  0.06462
 493.900  0.06471
 494.200  0.06514
 494.500  0.06588
 494.800  0.06683
 495.100  0.06781
 495.400  0.06858
 495.700  0.06894
 496.000  0.06876
 496.300  0.06810
 496.600  0.06713
 496.900  0.06607
 497.200  0.06515
 497.500  0.06449
 497.800  0.06412
 498.100  0.06403
 498.400  0.06414
 498.700  0.06440
 499.000  0.06477
 499.300  0.06520
 499.600  0.06569
 499.900  0.06624
 500.200  0.06679
 500.500  0.06728
 500.800  0.06761
 501.100  0.06769
 501.400  0.06750
 501.700  0.06709
 502.000  0.06658
 502.300  0.06613
 502.600  0.06587
 502.900  0.06589
 503.200  0.06618
 503.500  0.06670
 503.800  0.06733
 504.100  0.06794
 504.400  0.06840
 504.700  0.06862
 505.000  0.06856
 505.300  0.06825
 505.600  0.06777
 505.900  0.06724
 506.200  0.06678
 506.500  0.06647
 506.800  0.06637
 507.100  0.06646
 507.400  0.06666
 507.700  0.06690
 508.000  0.06709
 508.300  0.06719
 508.600  0.06723
 508.900  0.06729
 509.200  0.06747
 509.500  0.06787
 509.800  0.06850
 510.100  0.06931
 510.400  0.07013
 510.700  0.07078
 511.000  0.07111
 511.300  0.07106
 511.600  0.07070
 511.900  0.07017
 512.200  0.06964
 512.500  0.06922
 512.800  0.06900
 513.100  0.06900
 513.400  0.06929
 513.700  0.07011
 514.000  0.07211
 514.300  0.07667
 514.600  0.08630
 514.900  0.10477
 515.200  0.13687
 515.500  0.18736
 515.800  0.25936
 516.100  0.35239
 516.400  0.46120
 516.700  0.57609
 517.000  0.68462
 517.300  0.77374
 517.600  0.83155
 517.900  0.84880
 518.200  0.82074
 518.500  0.74945
 518.800  0.64518
 519.100  0.52484
 519.400  0.40722
 519.700  0.30733
 520.000  0.23261
 520.300  0.18272
 520.600  0.15208
 520.900  0.13350
 521.200  0.12105
 521.500  0.11134
 521.800  0.10319
 522.100  0.09651
 522.400  0.09134
 522.700  0.08738
 523.000  0.08414
 523.300  0.08119
 523.600  0.07844
 523.900  0.07612
 524.200  0.07472
 524.500  0.07496
 524.800  0.07767
 525.100  0.08375
 525.400  0.09382
 525.700  0.10779
 526.000  0.12433
 526.300  0.14070
 526.600  0.15337
 526.900  0.15911
 527.200  0.15636
 527.500  0.14587
 527.800  0.13040
 528.100  0.11353
 528.400  0.09836
 528.700  0.08668
 529.000  0.07887
 529.300  0.07435
 529.600  0.07212
 529.900  0.07136
 530.200  0.07161
 530.500  0.07294
 530.800  0.07580
 531.100  0.08076
 531.400  0.08816
 531.700  0.09770
 532.000  0.10819
 532.300  0.11765
 532.600  0.12391
 532.900  0.12540
 533.200  0.12182
 533.500  0.11423
 533.800  0.10457
 534.100  0.09491
 534.400  0.08681
 534.700  0.08112
 535.000  0.07807
 535.300  0.07761
 535.600  0.07950
 535.900  0.08335
 536.200  0.08848
 536.500  0.09381
 536.800  0.09809
 537.100  0.10020
 537.400  0.09974
 537.700  0.09714
 538.000  0.09361
 538.300  0.09063
 538.600  0.08937
 538.900  0.09029
 539.200  0.09307
 539.500  0.09676
 539.800  0.10014
 540.100  0.10216
 540.400  0.10222
 540.700  0.10037
 541.000  0.09730
 541.300  0.09411
 541.600  0.09193
 541.900  0.09151
 542.200  0.09296
 542.500  0.09569
 542.800  0.09876
 543.100  0.10125
 543.400  0.10264
 543.700  0.10290
 544.000  0.10234
 544.300  0.10127
 544.600  0.09978
 544.900  0.09775
 545.200  0.09499
 545.500  0.09145
 545.800  0.08732
 546.100  0.08297
 546.400  0.07888
 546.700  0.07542
 547.000  0.07281
 547.300  0.07108
 547.600  0.07011
 547.900  0.06974
 548.200  0.06982
 548.500  0.07023
 548.800  0.07087
 549.100  0.07165
 549.400  0.07244
 549.700  0.07310
 550.000  0.07351
 550.300  0.07358
 550.600  0.07331
 550.900  0.07280
 551.200  0.07217
 551.500  0.07159
 551.800  0.07117
 552.100  0.07092
 552.400  0.07079
 552.700  0.07069
 553.000  0.07051
 553.300  0.07022
 553.600  0.06983
 553.900  0.06941
 554.200  0.06901
 554.500  0.06870
 554.800  0.06850
 555.100  0.06839
 555.400  0.06836
 555.700  0.06841
 556.000  0.06850
 556.300  0.06863
 556.600  0.06877
 556.900  0.06890
 557.200  0.06901
 557.500  0.06910
 557.800  0.06916
 558.100  0.06920
 558.400  0.06920
 558.700  0.06916
 559.000  0.06908
 559.300  0.06897
 559.600  0.06885
 559.900  0.06875
 560.200  0.06872
 560.500  0.06874
 560.800  0.06882
 561.100  0.06890
 561.400  0.06893
 561.700  0.06889
 562.000  0.06875
 562.300  0.06853
 562.600  0.06827
 562.900  0.06801
 563.200  0.06778
 563.500  0.06761
 563.800  0.06749
 564.100  0.06741
 564.400  0.06737
 564.700  0.06735
 565.000  0.06734
 565.300  0.06733
 565.600  0.06731
 565.900  0.06729
 566.200  0.06726
 566.500  0.06722
 566.800  0.06718
 567.100  0.06714
 567.400  0.06710
 567.700  0.06708
 568.000  0.06705
 568.300  0.06704
 568.600  0.06703
 568.900  0.06703
 569.200  0.06703
 569.500  0.06703
 569.800  0.06704
 570.100  0.06704
 570.400  0.06703
 570.700  0.06701
 571.000  0.06698
 571.300  0.06694
 571.600  0.06691
 571.900  0.06688
 572.200  0.06685
 572.500  0.06683
 572.800  0.06681
 573.100  0.06680
 573.400  0.06679
 573.700  0.06678
 574.000  0.06677
 574.300  0.06676
 574.600  0.06674
 574.900  0.06673
 575.200  0.06671
 575.500  0.06669
 575.800  0.06668
 576.100  0.06667
 576.400  0.06666
 576.700  0.06666
 577.000  0.06666
 577.300  0.06667
 577.600  0.06668
 577.900  0.06668
 578.200  0.06668
 578.500  0.06668
 578.800  0.06668
 579.100  0.06667
 579.400  0.06665
 579.700  0.06664
 580.000  0.06662
 580.300  0.06660
 580.600  0.06659
 580.900  0.06659
 581.200  0.06659
 581.500  0.06660
 581.800  0.06661
 582.100  0.06663
 582.400  0.06664
 582.700  0.06666
 583.000  0.06667
 583.300  0.06667
 583.600  0.06667
 583.900  0.06667
 584.200  0.06667
 584.500  0.06667
 584.800  0.06668
 585.100  0.06674
 585.400  0.06704
 585.700  0.06806
 586.000  0.07097
 586.300  0.07824
 586.600  0.09427
 586.900  0.12571
 587.200  0.18071
 587.500  0.26649
 587.800  0.38514
 588.100  0.52915
 588.400  0.67930
 588.700  0.80760
 589.000  0.88541
 589.300  0.89370
 589.600  0.83049
 589.900  0.71142
 590.200  0.56350
 590.500  0.41536
 590.800  0.28874
 591.100  0.19433
 591.400  0.13240
 591.700  0.09663
 592.000  0.07848
 592.300  0.07045
 592.600  0.06737
 592.900  0.06635
 593.200  0.06605
 593.500  0.06595
 593.800  0.06589
 594.100  0.06584
 594.400  0.06578
 594.700  0.06571
 595.000  0.06563
 595.300  0.06554
 595.600  0.06544
 595.900  0.06533
 596.200  0.06522
 596.500  0.06512
 596.800  0.06504
 597.100  0.06497
 597.400  0.06492
 597.700  0.06487
 598.000  0.06483
 598.300  0.06478
 598.600  0.06473
 598.900  0.06467
 599.200  0.06460
 599.500  0.06453
 599.800  0.06444
 600.100  0.06434
 600.400  0.06422
 600.700  0.06408
 601.000  0.06393
 601.300  0.06376
 601.600  0.06360
 601.900  0.06345
 602.200  0.06333
 602.500  0.06322
 602.800  0.06314
 603.100  0.06307
 603.400  0.06300
 603.700  0.06293
 604.000  0.06287
 604.300  0.06279
 604.600  0.06273
 604.900  0.06266
 605.200  0.06260
 605.500  0.06255
 605.800  0.06248
 606.100  0.06239
 606.400  0.06226
 606.700  0.06210
 607.000  0.06190
 607.300  0.06169
 607.600  0.06148
 607.900  0.06130
 608.200  0.06116
 608.500  0.06105
 608.800  0.06098
 609.100  0.06094
 609.400  0.06091
 609.700  0.06088
 610.000  0.06085
 610.300  0.06082
 610.600  0.06080
 610.900  0.06079
 611.200  0.06079
 611.500  0.06082
 611.800  0.06086
 612.100  0.06090
 612.400  0.06093
 612.700  0.06095
 613.000  0.06094
 613.300  0.06090
 613.600  0.06082
 613.900  0.06070
 614.200  0.06058
 614.500  0.06049
 614.800  0.06047
 615.100  0.06053
 615.400  0.06063
 615.700  0.06071
 616.000  0.06071
 616.300  0.06057
 616.600  0.06030
 616.900  0.05995
 617.200  0.05957
 617.500  0.05923
 617.800  0.05898
 618.100  0.05883
 618.400  0.05875
 618.700  0.05872
 619.000  0.05867
 619.300  0.05858
 619.600  0.05845
 619.900  0.05828
 620.200  0.05812
 620.500  0.05797
 620.800  0.05788
 621.100  0.05783
 621.400  0.05784
 621.700  0.05789
 622.000  0.05795
 622.300  0.05803
 622.600  0.05809
 622.900  0.05812
 623.200  0.05810
 623.500  0.05806
 623.800  0.05800
 624.100  0.05795
 624.400  0.05793
 624.700  0.05792
 625.000  0.05791
 625.300  0.05788
 625.600  0.05781
 625.900  0.05771
 626.200  0.05758
 626.500  0.05744
 626.800  0.05732
 627.100  0.05723
 627.400  0.05716
 627.700  0.05712
 628.000  0.05710
 628.300  0.05709
 628.600  0.05709
 628.900  0.05710
 629.200  0.05712
 629.500  0.05714
 629.800  0.05716
 630.100  0.05719
 630.400  0.05722
 630.700  0.05726
 631.000  0.05731
 631.300  0.05735
 631.600  0.05738
 631.900  0.05741
 632.200  0.05742
 632.500  0.05743
 632.800  0.05743
 633.100  0.05742
 633.400  0.05740
 633.700  0.05737
 634.000  0.05733
 634.300  0.05729
 634.600  0.05725
 634.900  0.05722
 635.200  0.05720
 635.500  0.05719
 635.800  0.05719
 636.100  0.05718
 636.400  0.05716
 636.700  0.05715
 637.000  0.05714
 637.300  0.05714
 637.600  0.05717
 637.900  0.05723
 638.200  0.05732
 638.500  0.05744
 638.800  0.05756
 639.100  0.05767
 639.400  0.05773
 639.700  0.05773
 640.000  0.05767
 640.300  0.05758
 640.600  0.05747
 640.900  0.05739
 641.200  0.05736
 641.500  0.05739
 641.800  0.05746
 642.100  0.05758
 642.400  0.05771
 642.700  0.05784
 643.000  0.05796
 643.300  0.05809
 643.600  0.05826
 643.900  0.05859
 644.200  0.05924
 644.500  0.06041
 644.800  0.06222
 645.100  0.06464
 645.400  0.06741
 645.700  0.07000
 646.000  0.07179
 646.300  0.07226
 646.600  0.07127
 646.900  0.06906
 647.200  0.06620
 647.500  0.06332
 647.800  0.06092
 648.100  0.05926
 648.400  0.05831
 648.700  0.05790
 649.000  0.05780
 649.300  0.05779
 649.600  0.05774
 649.900  0.05760
 650.200  0.05737
 650.500  0.05709
 650.800  0.05681
 651.100  0.05657
 651.400  0.05637
 651.700  0.05621
 652.000  0.05609
 652.300  0.05598
 652.600  0.05589
 652.900  0.05579
 653.200  0.05569
 653.500  0.05559
 653.800  0.05548
 654.100  0.05537
 654.400  0.05525
 654.700  0.05514
 655.000  0.05505
 655.300  0.05497
 655.600  0.05492
 655.900  0.05490
 656.200  0.05492
 656.500  0.05497
 656.800  0.05505
 657.100  0.05517
 657.400  0.05530
 657.700  0.05546
 658.000  0.05562
 658.300  0.05577
 658.600  0.05589
 658.900  0.05596
 659.200  0.05597
 659.500  0.05592
 659.800  0.05581
 660.100  0.05566
 660.400  0.05548
 660.700  0.05528
 661.000  0.05506
 661.300  0.05483
 661.600  0.05459
 661.900  0.05435
 662.200  0.05412
 662.500  0.05392
 662.800  0.05376
 663.100  0.05366
 663.400  0.05361
 663.700  0.05361
 664.000  0.05364
 664.300  0.05370
 664.600  0.05378
 664.900  0.05387
 665.200  0.05398
 665.500  0.05409
 665.800  0.05421
 666.100  0.05433
 666.400  0.05443
 666.700  0.05450
 667.000  0.05453
 667.300  0.05450
 667.600  0.05441
 667.900  0.05425
 668.200  0.05403
 668.500  0.05376
 668.800  0.05346
 669.100  0.05312
 669.400  0.05275
 669.700  0.05235
 670.000  0.05195
 670.300  0.05155
 670.600  0.05117
 670.900  0.05085
 671.200  0.05058
 671.500  0.05037
 671.800  0.05021
 672.100  0.05010
 672.400  0.05000
 672.700  0.04992
 673.000  0.04986
 673.300  0.04981
 673.600  0.04979
 673.900  0.04979
 674.200  0.04979
 674.500  0.04978
 674.800  0.04975
 675.100  0.04966
 675.400  0.04953
 675.700  0.04935
 676.000  0.04912
 676.300  0.04886
 676.600  0.04858
 676.900  0.04827
 677.200  0.04793
 677.500  0.04755
 677.800  0.04712
 678.100  0.04665
 678.400  0.04616
 678.700  0.04567
 679.000  0.04521
 679.300  0.04479
 679.600  0.04443
 679.900  0.04413
 680.200  0.04389
 680.500  0.04368
 680.800  0.04349
 681.100  0.04332
 681.400  0.04316
 681.700  0.04301
 682.000  0.04289
 682.300  0.04279
 682.600  0.04270
 682.900  0.04263
 683.200  0.04254
 683.500  0.04244
 683.800  0.04232
 684.100  0.04216
 684.400  0.04199
 684.700  0.04179
 685.000  0.04159
 685.300  0.04137
 685.600  0.04113
 685.900  0.04088
 686.200  0.04059
 686.500  0.04028
 686.800  0.03994
 687.100  0.03958
 687.400  0.03922
 687.700  0.03888
 688.000  0.03856
 688.300  0.03827
 688.600  0.03802
 688.900  0.03780
 689.200  0.03761
 689.500  0.03743
 689.800  0.03726
 690.100  0.03709
 690.400  0.03694
 690.700  0.03680
 691.000  0.03667
 691.300  0.03655
 691.600  0.03645
 691.900  0.03636
 692.200  0.03628
 692.500  0.03621
 692.800  0.03615
 693.100  0.03609
 693.400  0.03605
 693.700  0.03601
 694.000  0.03597
 694.300  0.03592
 694.600  0.03588
 694.900  0.03582
 695.200  0.03575
 695.500  0.03568
 695.800  0.03562
 696.100  0.03555
 696.400  0.03548
 696.700  0.03541
 697.000  0.03534
 697.300  0.03528
 697.600  0.03521
 697.900  0.03515
 698.200  0.03508
 698.500  0.03501
 698.800  0.03493
 699.100  0.03485
 699.400  0.03478
 699.700  0.03471
 700.000  0.03465
 700.300  0.03458
 700.600  0.03451
 700.900  0.03444
 701.200  0.03435
 701.500  0.03428
 701.800  0.03421
 702.100  0.03415
 702.400  0.03410
 702.700  0.03407
 703.000  0.03404
 703.300  0.03402
 703.600  0.03401
 703.900  0.03401
 704.200  0.03401
 704.500  0.03401
 704.800  0.03401
 705.100  0.03401
 705.400  0.03401
 705.700  0.03401
 706.000  0.03402
 706.300  0.03402
 706.600  0.03401
 706.900  0.03399
 707.200  0.03395
 707.500  0.03391
 707.800  0.03387
 708.100  0.03384
 708.400  0.03381
 708.700  0.03379
 709.000  0.03375
 709.300  0.03371
 709.600  0.03366
 709.900  0.03361
 710.200  0.03357
 710.500  0.03354
 710.800  0.03352
 711.100  0.03348
 711.400  0.03344
 711.700  0.03339
 712.000  0.03333
 712.300  0.03328
 712.600  0.03324
 712.900  0.03321
 713.200  0.03319
 713.500  0.03316
 713.800  0.03314
 714.100  0.03312
 714.400  0.03311
 714.700  0.03312
 715.000  0.03312
 715.300  0.03313
 715.600  0.03312
 715.900  0.03311
 716.200  0.03310
 716.500  0.03310
 716.800  0.03311
 717.100  0.03312
 717.400  0.03314
 717.700  0.03313
 718.000  0.03312
 718.300  0.03309
 718.600  0.03306
 718.900  0.03304
 719.200  0.03302
 719.500  0.03300
 719.800  0.03298
 720.100  0.03296
 720.400  0.03294
 720.700  0.03292
 721.000  0.03292
 721.300  0.03294
 721.600  0.03296
 721.900  0.03299
 722.200  0.03301
 722.500  0.03301
 722.800  0.03300
 723.100  0.03299
 723.400  0.03299
 723.700  0.03299
 724.000  0.03299
 724.300  0.03298
 724.600  0.03297
 724.900  0.03297
 725.200  0.03298
 725.500  0.03301
 725.800  0.03306
 726.100  0.03310
 726.400  0.03314
 726.700  0.03317
 727.000  0.03319
 727.300  0.03323
 727.600  0.03329
 727.900  0.03337
 728.200  0.03347
 728.500  0.03358
 728.800  0.03367
 729.100  0.03375
 729.400  0.03382
 729.700  0.03387
 730.000  0.03392
 730.300  0.03398
 730.600  0.03404
 730.900  0.03410
 731.200  0.03415
 731.500  0.03421
 731.800  0.03427
 732.100  0.03433
 732.400  0.03439
 732.700  0.03447
 733.000  0.03454
 733.300  0.03460
 733.600  0.03464
 733.900  0.03465
 734.200  0.03462
 734.500  0.03459
 734.800  0.03454
 735.100  0.03449
 735.400  0.03442
 735.700  0.03433
 736.000  0.03422
 736.300  0.03410
 736.600  0.03397
 736.900  0.03385
 737.200  0.03372
 737.500  0.03357
 737.800  0.03341
 738.100  0.03325
 738.400  0.03310
 738.700  0.03298
 739.000  0.03289
 739.300  0.03284
 739.600  0.03285
 739.900  0.03294
 740.200  0.03316
 740.500  0.03357
 740.800  0.03424
 741.100  0.03518
 741.400  0.03636
 741.700  0.03767
 742.000  0.03899
 742.300  0.04023
 742.600  0.04140
 742.900  0.04260
 743.200  0.04388
 743.500  0.04515
 743.800  0.04621
 744.100  0.04677
 744.400  0.04671
 744.700  0.04619
 745.000  0.04567
 745.300  0.04570
 745.600  0.04665
 745.900  0.04850
 746.200  0.05072
 746.500  0.05252
 746.800  0.05311
 747.100  0.05205
 747.400  0.04945
 747.700  0.04587
 748.000  0.04204
 748.300  0.03860
 748.600  0.03589
 748.900  0.03396
 749.200  0.03269
 749.500  0.03187
 749.800  0.03133
 750.100  0.03094
 750.400  0.03064
 750.700  0.03040
 751.000  0.03020
 751.300  0.03005
 751.600  0.02993
 751.900  0.02984
 752.200  0.02977
 752.500  0.02971
 752.800  0.02966
 753.100  0.02963
 753.400  0.02962
 753.700  0.02964
 754.000  0.02969
 754.300  0.02977
 754.600  0.02987
 754.900  0.02999
 755.200  0.03012
 755.500  0.03026
 755.800  0.03040
 756.100  0.03053
 756.400  0.03065
 756.700  0.03076
 757.000  0.03084
 757.300  0.03088
 757.600  0.03088
 757.900  0.03081
 758.200  0.03066
 758.500  0.03045
 758.800  0.03019
 759.100  0.02989
 759.400  0.02957
 759.700  0.02924
 760.000  0.02892
 760.300  0.02857
 760.600  0.02819
 760.900  0.02776
 761.200  0.02728
 761.500  0.02676
 761.800  0.02621
 762.100  0.02566
 762.400  0.02512
 762.700  0.02462
 763.000  0.02418
 763.300  0.02380
 763.600  0.02349
 763.900  0.02325
 764.200  0.02304
 764.500  0.02286
 764.800  0.02270
 765.100  0.02254
 765.400  0.02240
 765.700  0.02228
 766.000  0.02219
 766.300  0.02214
 766.600  0.02212
 766.900  0.02211
 767.200  0.02213
 767.500  0.02216
 767.800  0.02219
 768.100  0.02224
 768.400  0.02228
 768.700  0.02233
 769.000  0.02237
 769.300  0.02239
 769.600  0.02238
 769.900  0.02234
 770.200  0.02224
 770.500  0.02209
 770.800  0.02188
 771.100  0.02161
 771.400  0.02130
 771.700  0.02097
 772.000  0.02063
 772.300  0.02028
 772.600  0.01994
 772.900  0.01959
 773.200  0.01922
 773.500  0.01885
 773.800  0.01856
 774.100  0.01864
 774.400  0.01973
 774.700  0.02312
 775.000  0.03092
 775.300  0.04591
 775.600  0.07096
 775.900  0.10764
 776.200  0.15451
 776.500  0.20595
 776.800  0.25252
 777.100  0.28351
 777.400  0.29083
 777.700  0.27242
 778.000  0.23312
 778.300  0.18258
 778.600  0.13140
 778.900  0.08764
 779.200  0.05517
 779.500  0.03404
 779.800  0.02194
 780.100  0.01586
 780.400  0.01319
 780.700  0.01217
 781.000  0.01182
 781.300  0.01169
 781.600  0.01164
 781.900  0.01159
 782.200  0.01156
 782.500  0.01152
 782.800  0.01148
 783.100  0.01144
 783.400  0.01141
 783.700  0.01137
 784.000  0.01134
 784.300  0.01130
 784.600  0.01126
 784.900  0.01121
 785.200  0.01117
 785.500  0.01112
 785.800  0.01108
 786.100  0.01103
 786.400  0.01099
 786.700  0.01095
 787.000  0.01091
 787.300  0.01087
 787.600  0.01083
 787.900  0.01080
 788.200  0.01076
 788.500  0.01073
 788.800  0.01069
 789.100  0.01066
 789.400  0.01063
 789.700  0.01060
 790.000  0.01056
 790.300  0.01053
 790.600  0.01049
 790.900  0.01046
 791.200  0.01042
 791.500  0.01039
 791.800  0.01035
 792.100  0.01032
 792.400  0.01029
 792.700  0.01025
 793.000  0.01021
 793.300  0.01017
 793.600  0.01012
 793.900  0.01008
 794.200  0.01004
 794.500  0.01000
 794.800  0.00997
 795.100  0.00994
 795.400  0.00992
 795.700  0.00989
 796.000  0.00987
 796.300  0.00984
 796.600  0.00980
 796.900  0.00976
 797.200  0.00972
 797.500  0.00968
 797.800  0.00964
 798.100  0.00961
 798.400  0.00958
 798.700  0.00955
 799.000  0.00953
 799.300  0.00950
 799.600  0.00947
 799.900  0.00943
 800.200  0.00938
 800.500  0.00933
 800.800  0.00929
 801.100  0.00924
 801.400  0.00921
 801.700  0.00919
 802.000  0.00918
 802.300  0.00916
 802.600  0.00915
 802.900  0.00914
 803.200  0.00913
 803.500  0.00910
 803.800  0.00908
 804.100  0.00905
 804.400  0.00903
 804.700  0.00900
 805.000  0.00898
 805.300  0.00896
 805.600  0.00895
 805.900  0.00894
 806.200  0.00893
 806.500  0.00892
 806.800  0.00891
 807.100  0.00890
 807.400  0.00890
 807.700  0.00890
 808.000  0.00889
 808.300  0.00887
 808.600  0.00884
 808.900  0.00880
 809.200  0.00875
 809.500  0.00871
 809.800  0.00867
 810.100  0.00864
 810.400  0.00862
 810.700  0.00861
 811.000  0.00861
 811.300  0.00860
 811.600  0.00858
 811.900  0.00855
 812.200  0.00852
 812.500  0.00848
 812.800  0.00843
 813.100  0.00839
 813.400  0.00836
 813.700  0.00833
 814.000  0.00831
 814.300  0.00830
 814.600  0.00829
 814.900  0.00829
 815.200  0.00830
 815.500  0.00833
 815.800  0.00842
 816.100  0.00867
 816.400  0.00919
 816.700  0.01017
 817.000  0.01173
 817.300  0.01395
 817.600  0.01670
 817.900  0.01960
 818.200  0.02216
 818.500  0.02385
 818.800  0.02440
 819.100  0.02390
 819.400  0.02287
 819.700  0.02202
 820.000  0.02210
 820.300  0.02352
 820.600  0.02627
 820.900  0.02981
 821.200  0.03322
 821.500  0.03555
 821.800  0.03607
 822.100  0.03463
 822.400  0.03161
 822.700  0.02783
 823.000  0.02413
 823.300  0.02114
 823.600  0.01903
 823.900  0.01764
 824.200  0.01659
 824.500  0.01551
 824.800  0.01425
 825.100  0.01284
 825.400  0.01143
 825.700  0.01021
 826.000  0.00928
 826.300  0.00866
 826.600  0.00831
 826.900  0.00813
 827.200  0.00805
 827.500  0.00802
 827.800  0.00800
 828.100  0.00799
 828.400  0.00798
 828.700  0.00798
 829.000  0.00799
 829.300  0.00801
 829.600  0.00803
 829.900  0.00804
 830.200  0.00805
 830.500  0.00805
 830.800  0.00806
 831.100  0.00808
 831.400  0.00813
 831.700  0.00819
 832.000  0.00827
 832.300  0.00835
 832.600  0.00839
 832.900  0.00840
 833.200  0.00837
 833.500  0.00831
 833.800  0.00824
 834.100  0.00818
 834.400  0.00816
 834.700  0.00815
 835.000  0.00817
 835.300  0.00820
 835.600  0.00822
 835.900  0.00824
 836.200  0.00824
 836.500  0.00825
 836.800  0.00828
 837.100  0.00832
 837.400  0.00839
 837.700  0.00847
 838.000  0.00856
 838.300  0.00865
 838.600  0.00870
 838.900  0.00872
 839.200  0.00871
 839.500  0.00866
 839.800  0.00860
 840.100  0.00853
 840.400  0.00849
 840.700  0.00846
 841.000  0.00847
 841.300  0.00851
 841.600  0.00863
 841.900  0.00891
 842.200  0.00949
 842.500  0.01064
 842.800  0.01264
 843.100  0.01573
 843.400  0.01992
 843.700  0.02484
 844.000  0.02969
 844.300  0.03343
 844.600  0.03510
 844.900  0.03426
 845.200  0.03113
 845.500  0.02655
 845.800  0.02158
 846.100  0.01712
 846.400  0.01370
 846.700  0.01140
 847.000  0.01005
 847.300  0.00936
 847.600  0.00905
 847.900  0.00891
 848.200  0.00886
 848.500  0.00883
 848.800  0.00882
 849.100  0.00882
 849.400  0.00883
 849.700  0.00884
 850.000  0.00885
 850.300  0.00884
 850.600  0.00883
 850.900  0.00881
 851.200  0.00879
 851.500  0.00878
 851.800  0.00878
 852.100  0.00879
 852.400  0.00880
 852.700  0.00882
 853.000  0.00884
 853.300  0.00887
 853.600  0.00889
 853.900  0.00892
 854.200  0.00893
 854.500  0.00895
 854.800  0.00896
 855.100  0.00898
 855.400  0.00902
 855.700  0.00908
 856.000  0.00916
 856.300  0.00924
 856.600  0.00930
 856.900  0.00932
 857.200  0.00932
 857.500  0.00928
 857.800  0.00921
 858.100  0.00913
 858.400  0.00902
 858.700  0.00890
#  rms: 0.458045
#Parameter Value Stderr  %
#cont   0.0684  0.0011 ( 1.6%)
#fei    0.1618  0.0068 ( 4.2%)
#mgi    0.9060  0.0117 ( 1.3%)
#nai    1.0927  0.0150 ( 1.4%)
#cai    0.1159  0.0138 (11.9%)
#caii   0.0183  0.0117 (64.2%)
#cri    0.0686  0.0073 (10.6%)
#mni    0.0129  0.0136 (105.5%)
#oi     0.3803  0.0138 ( 3.6%)
#ni     0.0364  0.0087 (23.8%)
#n2i    0.0180  0.0026 (14.3%)
#sigma_fit   0.6668  0.0196 ( 2.9%)
#t_cont 5598.2103 164.6687 ( 2.9%)
#t_el 3000.0000  0.0000 ( 0.0%)
#  rms: 0.023870, t:  1.83sec
#Parameter Value Stderr  %
#cont   0.0682  0.0011 ( 1.6%)
#fei    0.1393  0.0078 ( 5.6%)
#mgi    0.9004  0.0114 ( 1.3%)
#nai    1.0892  0.0147 ( 1.3%)
#cai    0.1190  0.0135 (11.3%)
#caii   0.0272  0.0116 (42.7%)
#cri    0.0664  0.0077 (11.6%)
#mni   -0.0022  0.0134 (-605.2%)
#oi     0.3773  0.0135 ( 3.6%)
#ni     0.0356  0.0082 (23.0%)
#n2i    0.0154  0.0026 (16.8%)
#sigma_fit   0.6599  0.0194 ( 2.9%)
#t_cont 5292.2623 150.1716 ( 2.8%)
#t_el 3742.9718 88.7034 ( 2.4%)
#  rms: 0.023354, t: 15.65sec
